705
685
571
745
629
546
701
733
579
690
694
621
606
815
753
712
614
743
779
626
650
650
603
726
613
626
517
663
648
555
663
576
722
774
721
586
646
605
692
639
634
670
663
594
576
687
505
645
492
593
686
872
690
699
696
654
645
857
686
704
821
620
737
590
682
732
604
613
766
671
621
636
752
677
636
692
720
719
619
612
630
701
628
615
594
707
738
610
539
755
544
750
581
681
659
667
591
827
561
711
703
641
639
875
694
551
602
572
617
614
686
741
639
662
568
702
630
633
770
783
619
639
680
501
523
798
614
696
634
877
610
731
596
609
602
683
469
764
622
456
714
606
575
763
724
667
635
633
711
659
676
743
518
779
570
551
741
637
657
809
641
621
564
611
666
702
572
541
672
740
789
612
740
572
649
599
563
702
575
655
706
695
587
527
518
738
696
614
517
714
639
649
685
748
528
684
839
599
810
621
641
676
735
681
668
732
761
608
740
759
638
627
720
717
774
614
687
689
580
618
535
747
585
665
619
712
707
835
584
710
548
670
548
614
638
674
624
770
582
791
660
630
714
732
672
644
681
661
541
650
584
598
761
656
675
716
711
594
682
698
543
565
603
662
795
677
614
625
627
638
652
608
632
705
733
615
745
727
658
681
697
765
663
719
580
685
842
639
591
736
754
567
614
546
716
605
672
559
498
650
773
679
606
756
612
575
636
576
713
555
723
835
746
689
616
661
565
934
584
674
640
637
735
707
694
732
599
571
718
802
675
702
683
629
564
782
755
561
726
723
619
526
602
629
663
635
616
608
689
572
672
513
610
628
644
671
728
694
698
687
585
583
605
641
654
622
782
664
722
631
742
618
578
663
630
717
728
736
696
693
620
565
651
572
600
677
729
667
620
743
631
729
532
647
695
718
747
582
621
653
671
698
575
636
691
716
679
642
734
584
811
648
719
663
565
598
661
749
614
634
680
593
624
778
676
690
747
670
592
569
639
834
838
584
666
731
644
666
713
627
597
746
630
785
733
686
790
590
651
658
610
813
698
749
739
652
562
504
652
655
824
623
712
638
563
759
771
603
768
524
737
650
660
777
731
669
763
644
554
706
477
656
615
638
686
676
827
575
607
663
557
786
644
794
571
656
609
729
597
723
594
693
790
537
603
609
636
669
806
701
638
661
683
621
678
618
669
694
617
685
602
606
775
606
609
620
776
718
652
621
588
610
621
535
667
611
578
628
627
641
648
787
668
668
734
643
651
692
722
634
607
628
678
591
647
604
657
648
564
718
663
601
552
666
520
665
656
602
572
638
667
675
694
720
751
615
695
667
638
587
568
661
591
755
658
710
625
516
646
557
739
741
668
672
647
755
662
700
699
686
691
614
706
826
686
570
554
748
608
632
720
654
732
724
617
817
620
670
746
516
744
722
707
471
580
543
611
602
679
644
509
625
614
635
614
601
649
752
743
623
697
813
639
585
595
676
539
726
665
589
888
658
628
659
580
703
644
623
706
635
704
741
634
632
690
700
620
546
883
608
612
761
722
743
671
664
498
565
702
631
697
716
610
622
616
614
554
743
751
633
640
663
607
626
760
629
541
676
724
728
654
685
600
686
600
720
610
719
679
641
676
621
749
550
694
577
725
599
631
821
551
761
681
596
517
647
625
753
643
521
636
847
593
616
494
564
624
583
774
603
583
713
568
686
667
593
552
729
577
629
562
642
555
681
682
548
590
713
752
781
609
699
712
724
584
893
765
610
785
580
644
734
644
596
664
649
730
920
683
630
637
765
748
711
738
686
578
718
713
640
627
592
698
654
628
574
780
709
541
664
547
610
692
754
679
900
798
732
640
579
627
715
524
588
600
602
666
813
611
645
725
638
727
611
658
639
725
596
632
645
640
661
676
759
794
617
684
598
628
700
794
561
591
722
681
596
873
656
710
693
657
684
677
534
744
648
671
687
594
695
645
538
615
544
684
597
617
578
678
616
721
597
690
629
565
725
626
536
594
725
654
705
537
653
729
574
645
564
735
617
687
749
707
606
610
616
739
683
551
563
625
663
761
623
620
618
668
592
622
582
717
699
673
645
674
531
612
678
607
696
583
729
819
735
626
687
562
626
632
707
560
612
734
737
710
643
655
735
571
653
701
640
604
789
584
692
651
671
713
573
526
604
613
630
525
726
682
661
632
563
813
794
556
834
620
634
706
642
684
874
594
726
663
708
660
658
613
628
801
568
554
470
642
745
620
591
578
665
543
785
560
653
673
897
704
684
707
594
648
801
793
595
585
817
732
651
670
723
721
514
501
726
621
718
571
723
676
554
744
676
727
797
746
637
684
756
593
590
668
810
665
712
660
658
633
667
773
778
554
556
769
697
660
504
751
613
729
654
560
637
682
603
715
692
650
748
614
711
695
659
644
590
646
633
612
634
525
697
689
671
788
638
682
763
573
709
691
590
663
677
774
671
587
666
679
618
734
652
778
712
670
631
686
744
704
775
831
496
553
736
681
732
878
684
566
671
782
671
641
604
659
563
727
656
862
575
560
682
552
564
442
757
559
547
647
668
656
739
774
699
774
597
676
517
683
600
569
617
617
729
591
728
704
475
756
657
724
687
757
575
599
610
766
685
584
604
812
648
726
657
595
689
651
676
768
534
773
665
716
628
591
707
485
837
626
676
693
635
662
654
717
645
610
637
639
535
656
552
719
702
692
553
637
633
542
786
700
733
761
738
692
659
578
762
651
575
666
661
621
637
723
682
828
789
519
567
647
616
769
601
703
575
719
749
707
740
556
560
671
702
534
705
752
751
793
565
649
644
613
597
643
626
768
589
645
645
680
635
561
650
495
729
631
713
646
843
595
637
675
700
550
717
561
590
523
594
596
748
569
688
590
703
753
784
796
650
692
627
689
711
689
629
631
568
687
764
607
622
685
641
660
619
837
659
664
557
641
667
652
713
624
612
764
669
600
666
820
737
681
630
664
589
648
594
631
586
602
738
560
684
757
597
701
642
796
681
616
727
751
697
595
624
575
824
594
596
720
582
789
728
709
556
640
727
580
667
712
637
581
792
635
748
737
653
612
737
650
606
669
755
675
533
652
677
538
632
610
852
681
699
624
581
686
707
578
673
706
675
647
706
861
751
666
633
528
630
559
624
767
495
670
672
674
673
545
560
645
587
794
606
798
597
709
627
726
753
703
669
636
548
618
692
568
722
611
694
587
649
586
679
816
615
608
665
587
633
551
627
564
686
638
626
655
652
575
606
767
698
773
636
634
729
656
748
686
711
658
705
655
611
597
775
733
765
667
551
688
591
794
647
487
609
594
569
788
627
612
693
631
582
735
569
634
677
631
592
737
705
629
743
574
671
591
560
590
694
653
502
701
585
686
581
498
613
549
716
638
723
492
616
603
639
511
661
646
561
615
503
713
620
687
616
737
667
765
626
731
666
572
658
631
528
776
637
645
638
701
601
787
557
670
569
526
584
547
696
606
680
734
674
777
663
615
653
635
637
719
633
667
688
733
816
566
814
604
614
686
631
655
618
697
529
700
606
604
791
634
606
638
706
494
606
766
665
693
695
635
617
793
579
578
618
492
698
616
634
645
564
544
694
567
577
716
618
595
624
642
655
640
601
690
745
547
765
709
706
643
674
627
724
640
488
761
745
730
671
635
671
692
601
686
631
663
620
967
581
752
670
666
647
708
819
831
691
762
619
694
602
565
666
613
622
810
591
734
697
508
647
623
728
698
748
549
688
694
674
674
665
710
664
543
762
474
734
706
753
703
582
563
535
683
661
645
673
602
573
613
570
601
720
584
611
766
734
662
673
635
739
555
626
517
687
581
575
660
700
585
668
830
682
747
577
661
571
623
568
656
626
631
628
596
746
633
594
560
578
702
805
613
748
723
691
611
612
702
865
617
746
599
799
743
511
642
731
659
565
685
878
683
698
651
724
633
645
731
631
523
709
845
603
706
715
680
740
751
766
706
634
582
627
515
725
510
689
712
750
805
567
626
627
658
534
681
586
627
716
709
659
620
635
703
697
745
668
541
578
706
593
647
618
691
652
637
593
721
716
592
627
707
664
538
684
555
699
573
655
636
667
608
623
510
620
709
578
581
657
665
835
599
697
676
725
583
611
538
670
624
680
583
624
645
588
689
630
743
603
729
663
609
575
669
582
609
664
641
693
765
642
592
751
603
669
608
649
684
776
667
591
597
800
637
709
675
665
619
721
562
769
592
760
741
672
653
650
528
704
638
863
600
583
636
775
657
677
688
728
680
755
665
623
644
593
650
747
691
727
732
645
680
693
557
575
620
595
740
676
724
659
652
599
594
707
609
665
825
687
608
602
635
704
794
719
688
779
575
688
777
660
492
557
691
606
745
746
784
601
591
721
643
564
698
571
672
594
721
756
649
582
580
566
707
588
521
677
621
662
806
633
691
529
552
749
565
661
709
749
603
741
600
567
624
810
715
747
877
665
580
622
662
715
656
739
719
715
742
698
671
700
516
567
571
815
715
811
535
806
665
757
592
635
715
704
655
642
688
805
660
676
629
727
746
493
690
707
609
667
638
684
580
845
499
603
620
748
640
808
649
641
663
717
552
708
615
541
651
626
612
565
654
592
644
673
805
729
727
710
645
725
770
679
734
704
713
575
673
611
645
599
651
538
768
592
553
670
782
742
835
653
673
637
585
735
652
574
789
604
589
624
713
716
786
715
638
732
661
618
630
653
657
699
564
637
673
674
566
582
689
721
720
632
853
667
699
743
611
747
589
716
554
576
551
699
771
642
798
615
620
576
614
612
566
656
539
670
643
769
625
694
649
671
693
783
674
673
557
738
741
647
530
603
567
714
608
787
684
561
647
517
572
676
665
681
610
712
632
648
611
632
604
687
720
703
625
605
609
504
704
606
664
760
649
592
546
681
670
559
614
623
604
615
668
737
596
666
746
622
621
754
658
634
711
793
653
716
703
606
654
700
788
618
707
532
708
695
596
591
686
686
585
645
786
706
587
613
675
843
790
722
584
744
789
844
691
607
512
729
603
675
605
639
730
648
678
774
615
742
620
747
593
682
625
664
641
655
638
679
760
814
626
556
621
684
713
601
642
564
646
768
600
540
523
660
833
607
602
723
561
585
608
604
717
747
740
718
718
593
674
688
660
643
660
720
661
643
569
787
750
691
694
601
652
566
776
694
600
712
768
669
739
674
651
641
606
587
617
684
495
607
719
677
655
629
707
598
650
718
735
785
593
628
702
579
645
762
633
653
803
819
664
721
632
614
701
677
731
633
696
608
760
676
633
643
707
741
620
627
707
656
779
606
700
748
666
674
633
706
676
764
649
572
712
722
640
621
717
716
568
760
564
528
640
560
613
669
658
634
591
896
564
705
690
737
750
726
722
601
656
669
592
680
618
684
669
617
678
524
485
696
671
546
836
711
662
699
607
685
658
697
620
803
694
593
644
693
628
671
756
792
653
740
673
706
587
563
706
711
737
595
705
506
744
819
647
642
718
733
598
725
626
645
610
717
651
686
658
577
564
770
640
544
648
654
829
603
692
694
736
766
708
523
664
590
681
777
764
625
671
616
679
443
551
595
636
670
716
613
600
667
626
501
731
697
586
642
619
628
583
711
876
571
589
683
752
657
700
606
585
687
623
616
724
769
695
673
737
676
823
545
647
520
649
723
639
660
773
642
641
510
776
594
502
639
718
593
792
733
709
656
611
637
686
655
665
719
615
625
551
716
596
654
601
709
666
659
611
741
629
579
696
716
637
668
683
592
744
666
676
727
625
574
643
756
699
695
576
536
651
476
623
597
737
609
759
674
676
557
610
773
619
554
671
551
522
596
565
689
548
644
729
548
730
697
596
625
680
682
733
549
622
596
671
774
589
651
616
585
660
703
458
644
710
594
615
523
714
627
680
647
704
676
622
725
625
639
558
685
615
595
696
653
603
578
674
544
650
655
586
712
732
612
681
657
875
665
632
660
607
740
591
753
666
658
657
585
604
642
569
706
790
722
611
669
675
616
694
708
749
737
661
709
594
686
589
600
585
527
739
603
703
593
646
641
612
676
675
691
488
534
670
777
641
626
876
717
526
739
646
677
686
576
630
646
524
567
730
669
720
793
766
549
624
537
724
581
800
587
523
504
791
550
586
651
859
531
683
699
770
675
641
680
582
776
759
537
600
668
782
841
568
585
668
777
643
652
700
654
749
711
760
725
661
625
535
734
774
729
651
730
784
699
628
658
646
585
670
612
644
709
611
658
742
573
644
607
642
683
754
622
684
624
533
618
667
621
591
632
698
701
712
713
576
519
689
640
681
767
761
685
613
878
766
698
756
611
711
572
628
673
725
622
504
778
610
708
648
691
631
692
568
637
740
784
559
553
664
617
668
718
581
541
604
631
650
724
601
664
643
701
613
869
722
643
572
624
624
648
913
658
785
619
769
785
680
643
664
588
626
664
606
670
703
633
690
625
547
716
726
658
639
705
761
787
550
742
624
699
562
698
570
732
770
572
689
626
562
658
626
742
696
709
692
638
666
665
624
569
607
753
739
555
836
749
705
632
759
616
584
631
698
703
718
579
675
524
588
733
554
643
668
613
557
611
586
745
588
565
749
621
578
787
685
669
638
652
593
498
713
588
744
553
567
755
627
716
578
689
814
628
831
649
492
556
515
545
584
732
694
825
547
612
588
641
699
675
703
624
622
618
721
694
670
589
626
532
713
680
758
771
837
716
798
640
825
682
652
746
705
468
624
526
726
588
794
787
686
860
667
770
460
517
657
614
628
789
664
654
709
658
627
734
629
661
619
819
615
548
583
684
743
645
722
540
602
635
608
626
626
858
660
640
641
681
659
606
609
632
654
734
586
725
726
687
595
636
789
637
648
709
607
569
675
669
696
601
691
554
544
605
662
658
700
591
635
697
770
848
562
616
691
728
560
788
628
700
595
678
670
670
639
587
623
736
821
598
664
763
544
668
655
693
874
630
643
682
722
597
673
587
650
629
604
596
600
617
725
535
711
747
660
508
891
663
690
716
586
627
750
558
827
568
701
676
655
640
646
691
629
567
587
748
698
605
700
728
695
620
638
901
734
809
643
690
600
521
614
718
624
601
593
738
593
583
639
653
707
754
623
675
679
588
765
728
767
644
643
566
634
696
638
696
643
688
654
638
502
727
577
562
649
681
659
660
670
734
636
632
758
920
662
733
638
654
575
567
528
585
664
676
613
805
662
629
737
653
650
624
734
635
709
854
594
840
671
643
569
625
681
685
672
630
743
572
731
700
710
799
647
527
801
833
619
638
537
682
741
718
691
612
688
673
755
916
685
657
625
741
800
654
799
776
782
616
769
663
592
712
605
560
780
623
634
715
695
671
783
758
557
563
668
750
721
621
519
704
764
784
671
706
592
547
567
615
658
634
642
759
757
557
709
689
708
729
663
679
638
672
678
562
541
682
603
666
490
687
551
795
611
618
628
600
739
736
582
809
614
633
554
668
808
643
665
807
578
579
577
724
748
667
675
636
599
679
819
633
623
570
592
617
721
750
521
707
595
744
647
658
680
666
705
601
592
635
708
655
624
779
651
550
631
541
803
729
693
604
687
680
802
608
624
782
593
778
653
596
692
693
619
825
546
568
823
684
564
534
754
715
606
573
805
663
585
506
632
595
715
585
657
532
569
709
695
675
730
628
711
706
613
679
615
578
634
677
613
720
733
655
652
838
548
581
728
733
597
583
542
607
714
671
708
755
685
595
642
694
611
558
772
653
706
745
596
587
641
722
708
690
625
644
648
738
696
715
651
590
655
675
644
785
677
664
655
497
659
669
763
704
660
726
679
586
735
748
661
683
603
698
621
714
694
599
594
695
816
612
636
633
742
567
529
518
727
685
549
734
569
611
708
531
599
748
589
607
552
576
565
737
655
732
827
639
782
777
606
577
591
534
626
703
583
583
737
841
578
644
621
678
740
626
639
676
749
656
609
604
617
753
666
721
751
663
707
832
642
578
689
680
514
652
635
670
535
705
757
698
677
803
644
723
566
722
650
667
634
680
693
640
641
733
592
734
551
703
808
812
742
627
565
592
636
705
775
692
668
725
615
573
597
669
694
813
638
640
646
714
630
494
707
791
586
568
605
642
793
662
677
576
697
739
657
785
528
724
570
620
656
662
597
858
593
611
647
534
655
661
564
697
667
617
654
725
778
707
685
611
714
783
747
779
674
679
591
610
717
580
560
620
630
651
642
630
700
761
616
599
754
633
684
620
595
670
531
691
595
772
656
572
543
635
739
675
541
639
750
719
746
710
570
593
875
580
679
665
762
576
676
781
662
682
644
691
758
651
696
684
645
668
555
713
686
555
611
625
673
636
678
855
668
607
580
631
839
661
626
665
690
536
537
633
718
500
579
729
650
507
739
699
723
588
610
564
749
679
741
673
732
704
578
604
706
685
657
583
794
617
779
763
608
719
620
643
629
727
613
689
596
678
615
605
665
613
719
483
598
808
608
607
649
630
603
640
645
528
685
615
591
744
593
631
673
661
588
885
573
667
706
558
640
668
523
696
567
579
590
668
678
747
712
606
607
596
716
643
625
555
677
705
766
616
716
740
648
622
516
657
569
706
557
661
681
532
602
812
648
627
534
661
753
709
586
652
621
614
538
647
693
551
588
733
783
591
778
772
717
633
680
782
679
511
675
673
659
837
524
550
598
731
607
691
649
575
638
526
618
632
720
636
673
796
606
584
729
682
863
728
694
591
650
520
770
650
665
585
563
566
742
672
603
637
796
793
527
670
666
627
595
680
726
606
680
642
694
608
725
674
611
558
727
685
758
740
668
660
729
670
566
544
747
720
664
758
614
643
717
804
632
606
682
646
561
690
645
693
695
773
721
621
499
673
653
923
758
792
773
730
658
700
540
581
778
720
702
664
688
652
637
542
804
620
788
543
604
652
654
587
673
607
821
615
569
615
695
630
632
591
584
624
635
742
693
698
579
680
692
564
561
567
569
662
737
698
685
553
633
696
756
631
732
575
747
735
711
626
613
644
696
611
607
824
713
589
622
617
661
618
672
631
687
510
702
775
714
663
823
654
604
612
639
672
647
584
633
850
629
524
568
774
728
610
729
581
563
755
678
800
684
589
791
659
748
520
650
609
648
682
658
613
555
762
710
597
586
686
612
687
726
663
589
686
685
770
578
568
573
676
605
727
759
670
652
623
460
602
664
709
722
530
690
745
628
709
729
677
632
570
574
732
617
714
684
737
871
598
669
719
705
721
710
654
647
797
652
576
676
784
779
536
662
669
596
599
708
689
550
643
685
587
628
837
723
659
545
597
585
694
577
639
738
670
761
661
661
685
657
620
767
677
581
606
640
810
668
703
714
681
656
702
601
615
629
574
630
605
837
755
649
672
461
727
763
549
643
614
560
611
638
550
581
837
662
615
764
626
561
771
618
623
680
708
650
571
675
807
738
577
601
622
675
755
621
619
642
632
601
628
736
602
661
776
641
671
705
642
703
563
598
577
708
663
645
665
626
629
701
672
625
683
645
556
705
497
659
657
745
650
626
653
677
649
627
787
746
668
749
682
597
656
687
523
698
753
471
711
753
648
865
709
610
561
551
624
647
603
649
731
689
734
640
646
632
728
661
642
724
648
626
741
602
623
657
715
733
645
686
708
727
654
586
616
613
528
682
670
780
524
628
707
623
576
728
701
662
716
638
727
548
653
557
505
644
611
768
633
581
650
650
657
702
630
674
761
574
747
586
577
620
748
498
586
691
680
785
619
657
793
650
645
650
659
693
824
608
628
597
707
675
454
571
674
570
551
586
517
668
695
762
551
694
664
593
550
703
627
762
581
645
597
648
618
619
690
726
687
584
716
705
598
777
677
625
748
690
682
642
654
844
644
674
630
636
630
697
789
644
636
673
687
734
661
599
617
512
662
630
679
597
620
662
601
680
688
768
645
750
517
770
648
670
732
557
760
612
680
744
582
552
660
718
618
656
668
686
565
561
614
627
778
581
661
717
628
743
598
596
555
631
630
564
664
693
684
616
627
663
725
773
673
703
638
739
832
596
504
621
691
584
663
752
594
762
819
562
713
724
658
522
619
589
623
730
694
645
630
621
675
717
623
549
658
708
509
633
668
750
701
684
690
645
604
716
611
723
592
653
621
604
641
679
631
608
665
627
671
810
613
737
601
737
669
626
748
758
584
647
652
549
810
479
680
713
667
784
616
569
611
670
656
552
647
597
523
573
610
575
705
614
616
700
644
518
566
570
614
646
715
658
678
594
849
621
600
688
771
543
575
812
756
712
702
787
587
568
744
545
524
556
620
718
621
630
676
601
662
659
567
695
687
626
670
728
754
627
666
660
658
539
778
600
819
708
701
656
619
663
703
899
681
656
747
574
670
606
639
573
635
589
727
677
669
629
591
625
619
617
828
746
740
674
693
690
666
540
620
659
542
607
707
680
611
605
654
703
561
775
698
522
683
616
702
539
601
596
505
741
684
687
542
683
611
607
710
680
583
728
494
540
546
646
837
545
705
721
521
801
762
539
782
725
623
572
702
572
678
615
648
632
717
582
646
640
578
573
833
739
625
690
562
708
668
756
519
744
616
562
692
731
540
602
646
573
563
543
551
654
830
698
607
615
655
650
691
607
652
713
542
590
760
669
671
693
761
749
641
836
895
643
614
694
633
699
712
544
618
533
719
679
793
642
583
577
719
618
638
731
787
729
516
645
637
619
666
610
638
648
593
707
617
648
707
680
693
645
613
594
590
656
709
566
682
724
645
734
545
580
520
728
698
542
626
613
655
638
606
653
617
648
611
874
723
581
710
774
567
760
640
721
613
665
659
670
573
764
660
670
653
698
673
702
701
639
710
902
696
568
707
686
671
787
627
632
544
688
734
634
697
544
582
682
520
647
675
570
617
635
533
801
850
678
525
640
808
721
665
726
738
792
736
770
703
614
564
693
682
647
681
749
588
614
715
615
591
662
653
605
779
660
609
679
631
727
670
731
749
763
633
563
602
645
774
723
868
696
657
743
724
854
622
751
635
536
641
566
674
549
627
690
552
715
878
777
516
672
768
695
649
634
585
707
692
660
575
598
624
576
740
606
594
672
746
698
741
735
714
653
595
646
597
659
620
699
709
492
612
636
721
575
616
596
603
643
659
592
717
773
588
560
603
527
621
706
571
646
628
697
794
620
616
602
638
756
610
771
684
484
746
700
671
583
508
774
633
769
834
692
598
592
562
641
657
547
738
682
739
661
646
715
757
615
609
618
607
778
657
693
613
706
615
694
616
737
595
589
766
802
824
788
606
566
784
785
822
677
744
853
659
637
733
814
646
733
580
713
544
551
711
745
700
524
555
737
602
545
756
533
700
571
644
650
569
639
667
629
554
539
566
833
649
702
783
681
601
537
640
652
615
737
652
509
656
605
663
535
648
616
681
709
704
737
701
752
621
621
732
649
742
601
666
755
638
622
659
533
626
714
548
574
645
581
661
790
658
739
693
636
662
604
743
694
654
813
612
724
638
754
692
663
720
526
730
681
710
555
682
621
483
712
667
727
594
546
659
674
487
599
611
751
557
637
918
788
643
528
695
640
683
760
664
620
560
691
591
666
626
587
634
714
737
667
610
542
467
715
647
692
679
621
601
700
751
780
627
589
569
642
644
645
707
683
712
712
719
693
634
698
609
716
663
594
659
788
606
739
816
613
657
688
623
693
745
633
682
667
657
861
648
569
693
649
573
641
645
610
556
687
563
689
685
657
715
721
695
712
829
793
699
614
659
612
796
635
588
759
733
719
614
670
615
611
679
634
635
643
759
635
744
627
604
704
665
556
638
635
644
808
624
728
768
763
579
690
628
630
645
615
570
571
572
695
553
616
778
817
743
691
691
720
723
694
751
713
613
657
631
614
635
680
749
639
759
699
618
622
686
684
784
621
720
610
706
600
700
738
736
631
612
684
748
664
688
778
674
662
744
563
702
750
781
545
801
730
525
630
571
652
618
717
562
705
593
616
799
632
643
591
813
710
666
673
610
614
821
746
667
681
622
652
747
757
723
660
683
719
656
631
614
605
626
618
582
573
751
709
653
644
678
600
594
545
682
769
565
638
741
691
702
631
717
610
671
634
704
675
699
847
658
660
695
750
534
739
510
686
718
656
563
541
574
477
736
548
536
713
536
656
662
506
628
646
590
707
639
616
590
692
719
602
730
669
700
658
720
709
700
914
686
511
680
781
631
727
633
767
598
635
691
727
822
670
806
617
633
525
736
667
548
678
637
575
609
595
626
723
563
670
612
644
748
668
580
677
654
661
619
663
706
581
630
699
740
556
662
599
627
608
621
815
665
706
609
668
547
590
635
603
631
681
755
645
672
701
636
664
649
684
662
636
663
529
769
600
741
573
634
725
817
542
744
592
546
674
657
611
579
627
702
730
656
643
612
686
744
604
737
538
633
781
742
638
783
603
670
642
659
709
638
646
687
715
624
693
659
713
562
594
674
501
625
608
679
641
552
710
705
608
784
761
640
717
659
617
740
628
560
579
617
589
601
645
666
553
661
646
596
572
693
791
770
731
574
621
798
568
634
611
716
570
647
688
782
731
587
740
682
659
797
645
722
544
634
585
646
672
744
720
679
700
694
803
750
685
683
526
754
597
575
579
694
732
572
572
546
560
605
633
616
661
692
628
750
663
654
691
604
687
637
610
716
774
620
756
633
668
576
605
590
611
595
710
618
603
890
611
558
612
679
671
767
698
679
495
554
635
647
604
607
735
741
656
744
616
766
596
777
708
651
596
615
647
567
694
771
564
594
729
776
619
647
735
631
732
541
745
582
585
722
549
714
673
713
569
793
563
789
695
755
571
678
728
797
690
547
527
706
673
611
695
620
815
657
521
735
709
482
634
762
619
701
706
578
711
584
661
565
623
648
713
579
807
822
578
610
681
745
610
695
808
522
769
606
682
639
530
746
652
708
727
641
607
643
563
718
633
703
570
605
745
745
702
530
724
647
611
571
634
661
779
709
538
655
683
707
640
585
676
615
588
671
666
648
582
572
780
553
601
656
677
616
608
538
575
535
663
809
632
647
572
532
730
652
716
678
653
677
499
703
676
724
735
594
815
651
674
542
656
592
655
691
693
536
790
728
573
757
605
682
653
650
574
708
637
560
658
593
558
685
687
562
690
702
666
551
675
731
596
658
721
635
613
545
626
846
506
553
673
619
510
635
561
729
723
794
650
619
813
547
656
759
717
647
662
746
797
676
657
751
615
596
653
707
665
694
625
553
701
731
767
627
645
618
612
750
664
619
624
565
742
598
519
799
745
605
519
590
652
600
765
729
597
556
672
616
639
637
649
620
569
737
794
725
611
590
643
538
617
539
549
704
707
592
556
591
723
592
719
642
623
623
626
674
731
621
727
555
669
520
704
695
592
729
747
599
659
696
612
635
669
547
629
559
757
576
568
825
714
727
747
693
786
704
662
649
724
577
533
490
730
697
694
684
569
686
711
501
655
644
725
857
582
740
627
698
603
700
712
598
654
701
683
527
678
614
855
710
640
539
632
762
536
621
734
693
662
694
669
668
775
673
603
708
623
574
645
671
697
601
524
628
589
683
770
591
703
722
672
547
584
593
525
706
584
662
683
745
656
585
565
665
762
746
750
668
732
511
485
590
703
561
615
644
653
690
755
764
504
808
694
592
610
644
652
437
631
735
596
575
726
628
612
812
774
742
724
737
591
686
676
651
689
637
636
574
680
711
530
794
571
666
687
740
512
617
708
660
733
668
610
625
681
587
658
572
679
629
849
748
851
723
571
672
800
723
684
572
556
559
766
693
572
774
638
580
645
720
660
731
658
669
749
631
527
642
590
813
799
633
776
749
602
654
680
638
604
705
588
649
661
714
597
682
476
634
560
669
632
550
709
619
700
575
701
698
690
686
634
812
717
709
599
589
601
670
728
592
748
726
599
670
608
588
712
579
722
686
619
642
612
608
836
546
767
625
607
675
690
673
677
668
755
807
727
706
566
710
716
587
841
663
647
591
595
791
621
736
718
615
505
693
658
649
740
766
631
722
698
566
611
700
643
624
661
656
426
611
687
686
803
732
595
703
558
699
815
627
608
771
696
602
673
694
517
665
603
590
603
624
643
642
660
540
577
737
647
735
726
659
605
658
669
594
588
705
652
765
571
522
590
624
577
624
745
646
611
601
564
700
566
684
560
530
646
757
717
747
656
619
620
699
668
661
573
532
507
661
695
526
663
614
595
579
663
688
566
514
552
616
705
543
718
674
678
708
610
712
691
508
766
611
591
633
814
719
657
724
664
687
531
622
657
698
692
740
666
600
678
881
570
642
701
697
725
594
543
568
696
713
613
619
622
707
702
715
558
648
616
729
691
719
597
623
707
589
693
699
871
770
583
739
652
658
547
661
797
688
746
572
780
636
671
652
721
667
673
778
656
620
637
619
626
633
665
652
657
648
695
635
589
672
647
721
670
582
714
696
544
640
571
755
571
567
657
758
911
701
623
689
682
648
637
686
636
782
656
587
524
759
674
662
654
721
652
559
613
860
596
723
655
770
608
628
634
649
719
580
700
620
672
569
683
539
544
579
716
686
780
670
637
616
655
674
621
533
772
750
614
721
695
712
548
699
693
592
641
691
677
674
659
658
519
659
746
744
568
534
729
705
694
644
565
842
612
603
651
604
621
676
650
630
605
644
652
649
787
679
753
718
634
638
575
651
630
693
495
618
720
771
652
690
681
522
606
694
703
753
745
733
675
742
714
631
617
662
616
653
729
608
790
711
646
579
782
587
758
734
752
607
703
598
660
743
641
626
711
768
713
585
709
649
701
619
624
786
800
618
601
570
619
646
623
735
559
492
664
646
668
699
663
638
623
671
638
878
680
634
603
623
594
593
716
751
694
623
585
662
771
705
740
624
624
632
673
642
568
651
744
699
605
609
647
622
583
740
619
702
722
521
658
820
628
700
671
561
500
743
739
764
726
573
649
710
603
734
726
479
611
593
561
749
659
666
713
740
765
610
565
683
652
719
645
510
694
688
794
653
553
655
576
645
654
530
572
572
545
642
778
688
817
656
615
660
782
615
711
714
674
677
606
672
670
636
675
708
675
675
716
607
737
684
569
736
641
643
807
754
616
771
650
749
642
631
688
737
717
630
619
677
768
536
845
651
585
776
617
525
648
676
722
595
680
615
526
709
655
743
642
540
568
593
719
615
627
570
710
666
660
704
547
587
615
760
672
671
657
663
571
482
594
615
528
590
604
603
666
659
672
821
816
701
717
653
582
668
829
786
813
752
781
595
672
630
639
668
728
609
764
513
573
730
680
605
564
596
669
748
657
585
597
646
720
543
555
618
743
658
648
478
555
627
613
562
621
757
649
577
714
730
818
701
681
466
718
669
693
647
569
680
706
664
549
633
664
577
601
721
734
525
517
728
711
688
762
743
723
721
870
724
674
580
754
685
620
673
778
652
640
808
621
831
844
548
688
636
710
646
652
744
564
477
631
684
755
545
667
645
632
711
641
606
680
660
466
656
627
775
685
819
644
653
605
732
674
828
581
695
664
678
659
721
542
604
683
740
645
695
641
704
589
666
578
669
864
557
660
669
671
474
591
850
644
702
626
658
708
767
541
545
631
710
717
696
707
828
627
795
546
631
578
622
837
649
658
723
700
609
540
653
559
519
657
676
622
598
613
673
786
637
735
724
787
635
832
556
696
766
668
660
780
742
678
568
613
710
737
663
611
678
657
565
690
690
707
653
654
502
639
580
809
698
586
638
738
698
633
558
663
702
729
692
632
738
645
547
636
755
708
672
703
689
610
679
772
611
654
547
679
629
660
636
654
714
664
719
852
636
713
658
710
572
675
760
663
697
598
717
650
697
652
686
567
682
768
613
571
651
642
547
760
786
714
678
549
714
702
565
573
608
653
726
683
779
559
730
710
791
496
628
628
656
709
612
628
705
742
540
535
744
673
773
710
723
639
605
577
529
665
756
811
675
725
687
641
753
576
596
637
692
604
535
658
533
684
719
787
619
604
584
567
669
784
706
637
682
768
606
579
717
739
617
550
628
671
674
670
642
747
672
580
579
788
742
700
571
512
673
520
613
687
635
632
616
630
656
593
716
707
573
645
488
612
664
490
680
615
766
649
727
571
616
741
559
689
671
795
646
680
499
745
659
514
585
752
740
631
503
692
730
690
774
875
660
659
536
651
853
590
528
799
591
660
635
767
581
494
649
723
648
686
723
723
796
676
789
620
704
586
653
714
612
643
782
522
651
644
600
698
652
609
838
729
636
694
811
668
684
486
612
638
664
674
770
659
750
643
659
774
647
597
619
608
560
525
611
734
707
569
706
725
750
683
689
759
755
734
540
767
628
608
794
781
698
719
609
642
636
702
729
775
668
743
739
582
674
619
560
546
611
663
651
526
619
623
477
720
637
687
628
599
621
681
595
712
706
647
607
722
616
634
632
582
661
661
691
630
572
645
600
636
656
790
854
715
837
625
668
732
624
600
772
578
755
737
696
670
715
723
745
561
748
709
605
732
549
651
661
704
664
576
620
833
581
654
684
647
618
695
562
661
719
728
542
633
589
793
790
675
661
543
577
760
524
597
711
574
563
690
587
731
720
617
702
631
541
655
616
627
629
756
720
735
662
636
624
750
789
744
711
554
723
639
810
639
668
742
645
601
673
595
586
527
578
613
613
693
589
701
666
708
699
658
621
731
695
755
586
720
736
697
643
694
682
601
663
668
585
670
599
627
631
834
539
671
796
579
664
670
656
531
708
835
515
692
722
755
591
607
739
497
664
743
621
758
582
626
629
687
539
733
880
779
662
618
621
740
694
633
611
731
584
589
765
504
550
622
695
584
607
735
713
693
546
770
746
660
591
609
543
683
591
764
629
812
542
611
696
663
746
719
623
507
717
648
733
665
648
650
664
605
707
821
678
677
601
761
706
567
749
682
846
688
650
619
577
632
607
689
784
706
636
554
483
593
668
496
592
757
574
738
748
807
624
601
589
685
747
621
564
636
627
761
708
519
635
685
623
654
625
733
512
631
667
655
682
661
671
744
716
545
699
554
636
599
548
649
735
771
687
634
625
611
735
612
701
696
780
722
726
557
700
580
527
632
733
591
596
719
584
761
657
612
667
651
608
689
491
724
557
598
659
672
725
705
596
595
642
701
656
689
642
661
722
613
772
646
613
624
569
832
585
758
604
641
684
604
565
609
581
614
523
573
727
631
529
546
799
592
727
673
572
657
633
532
670
830
654
726
621
642
619
644
653
614
703
757
564
746
697
593
538
649
620
565
663
595
756
578
649
746
650
660
716
579
722
643
518
729
783
587
624
678
678
723
598
661
622
780
577
713
715
704
652
627
719
666
624
637
741
614
679
701
651
638
678
723
634
574
531
834
608
683
794
676
694
708
721
626
727
596
624
649
636
602
686
623
677
629
672
554
662
608
795
666
610
551
595
574
697
649
723
657
656
683
574
636
687
708
730
548
606
678
660
682
726
580
601
641
644
659
641
733
677
616
555
667
671
515
535
719
582
748
611
628
734
581
582
672
615
568
608
612
640
626
802
729
713
611
624
714
667
788
645
756
647
811
482
636
675
588
616
556
749
656
656
711
582
582
710
647
568
721
602
640
635
577
640
702
821
821
554
628
548
557
550
571
698
629
672
719
633
590
618
676
677
578
678
610
577
666
687
669
582
758
596
749
795
554
654
711
573
670
597
719
617
818
643
666
725
592
593
563
594
585
698
726
611
776
673
624
585
615
642
718
542
688
517
680
727
580
862
769
739
626
848
717
786
746
700
584
814
656
680
609
757
624
675
559
664
695
702
709
667
686
492
677
563
792
672
639
707
708
527
615
652
562
772
669
737
713
629
700
678
588
610
770
696
686
853
556
600
656
537
688
689
713
679
568
645
533
556
670
703
647
723
640
730
701
609
712
646
672
678
614
677
620
668
568
563
513
627
738
584
589
545
738
777
685
730
548
655
758
645
605
656
685
634
699
582
644
718
639
598
613
670
756
691
718
664
673
631
713
742
613
615
720
618
687
717
637
608
690
664
687
731
786
652
704
869
582
787
618
676
653
602
716
845
665
813
673
690
644
614
640
534
595
610
612
713
608
736
716
861
746
634
590
747
734
674
625
764
601
616
602
576
616
496
543
595
614
728
689
586
643
552
793
694
666
520
768
737
763
633
793
699
757
749
637
658
687
640
541
639
695
691
691
594
679
645
599
842
690
671
626
668
585
593
550
722
570
654
543
677
773
656
652
547
619
610
743
535
628
551
664
641
595
607
661
676
616
636
718
669
572
566
824
661
802
715
680
569
732
680
606
648
631
652
681
660
622
754
606
711
536
692
669
537
623
786
731
688
656
623
666
650
536
636
579
645
564
691
677
637
710
669
729
547
673
601
595
700
705
739
679
642
662
674
539
632
632
662
560
568
599
621
764
607
653
716
578
510
696
739
620
775
656
677
678
715
600
630
476
746
699
676
639
670
695
593
743
715
593
581
630
528
708
666
709
892
641
838
641
647
800
585
746
718
722
587
563
641
617
499
618
570
815
635
680
664
716
600
539
805
651
762
592
630
686
708
617
679
791
502
591
538
615
711
730
612
803
667
604
687
842
601
733
653
642
835
599
627
611
659
764
670
634
738
785
663
676
652
622
614
757
692
665
678
608
652
647
725
710
680
694
791
657
648
732
621
570
606
684
563
489
657
603
764
580
614
642
839
614
555
655
727
662
688
497
710
597
722
768
665
556
593
669
612
649
721
631
841
738
567
620
573
508
660
640
715
698
756
595
631
704
669
639
619
619
722
664
760
788
626
675
608
582
582
632
611
832
602
726
616
617
516
643
637
717
641
542
663
647
529
627
578
539
543
824
728
628
586
735
707
683
523
683
679
595
619
597
757
627
652
657
586
720
547
585
675
670
640
750
640
861
720
602
567
609
716
690
668
632
547
807
814
704
675
700
607
556
714
616
670
655
603
628
576
612
607
612
692
709
696
586
684
709
491
609
577
772
682
516
793
798
564
570
677
731
675
629
637
672
630
676
736
556
583
705
632
582
671
707
658
572
630
718
635
629
617
673
640
704
546
599
720
655
627
608
681
649
574
654
840
608
623
707
485
653
669
697
614
534
703
638
586
526
516
670
610
543
667
575
704
618
610
731
632
717
636
668
515
582
636
687
563
612
714
578
586
623
548
732
558
622
670
609
703
714
631
866
605
742
634
671
586
695
605
592
786
502
577
804
736
653
706
550
709
569
806
702
611
699
609
606
640
605
706
641
684
776
741
623
635
600
745
624
843
677
582
831
853
604
680
725
709
482
637
635
766
654
655
684
733
639
565
755
656
576
520
557
696
600
680
597
659
804
527
669
693
814
670
651
626
774
695
631
799
612
729
585
620
685
649
622
663
623
767
724
624
805
562
703
787
535
609
678
761
562
730
576
717
782
629
730
544
535
687
557
686
686
682
590
667
642
724
680
636
541
688
638
748
743
670
463
643
719
624
745
728
683
649
525
594
703
553
700
677
723
728
573
550
689
662
745
635
670
531
837
640
665
626
648
557
788
640
646
621
638
840
762
616
558
600
707
643
710
597
557
634
643
669
670
682
627
740
598
739
640
667
587
791
614
698
792
739
647
518
664
643
684
726
591
699
796
749
635
745
648
610
693
624
683
596
539
672
635
794
623
664
634
615
598
663
637
549
580
623
653
737
652
611
706
691
590
689
652
742
758
672
776
603
578
612
703
584
743
646
685
585
706
685
653
772
622
671
693
580
521
683
654
642
700
686
739
702
549
718
685
683
578
693
502
671
654
736
625
640
590
605
641
755
736
663
625
677
771
670
751
657
787
530
650
563
690
671
652
603
765
562
630
629
628
817
623
619
813
637
666
798
627
671
638
653
733
598
615
783
539
635
713
705
664
616
568
616
709
720
620
719
734
703
629
615
668
713
520
757
659
599
611
761
751
608
710
695
760
721
632
750
666
684
582
621
826
742
766
721
675
708
574
670
606
710
721
765
593
591
680
573
657
601
685
734
546
518
796
623
733
664
706
711
647
637
777
682
683
708
768
795
679
638
631
642
644
613
591
757
708
712
646
655
733
717
699
693
750
655
617
765
630
756
641
529
675
586
747
625
686
760
756
619
770
693
616
572
674
675
626
545
632
678
686
742
760
693
601
651
627
581
522
778
418
630
574
708
679
624
679
641
647
721
741
571
629
542
566
599
853
607
761
740
625
660
643
683
822
589
603
734
590
649
680
701
533
638
669
728
698
755
705
794
736
699
700
636
756
701
666
640
644
641
668
667
642
744
710
699
641
640
720
697
538
623
852
618
661
525
635
625
642
799
686
682
654
582
649
532
794
717
720
618
695
550
802
696
570
654
582
727
618
575
862
704
563
675
793
598
726
569
707
698
730
740
671
787
585
810
611
781
570
546
673
781
685
555
645
663
698
888
733
613
775
577
607
718
662
687
643
556
672
617
742
712
761
585
675
680
761
685
611
645
655
632
692
737
666
554
686
672
643
573
598
781
708
630
721
644
611
664
673
646
628
699
705
567
605
673
599
716
534
558
639
723
658
652
550
645
657
587
558
621
687
603
791
733
648
640
590
719
540
607
631
757
707
606
756
601
583
646
702
622
717
738
726
644
809
663
739
683
698
674
859
655
589
734
710
714
674
756
627
575
728
656
566
675
740
577
615
685
680
641
548
765
664
682
609
541
656
649
649
569
603
732
592
553
506
560
583
653
928
709
618
782
648
768
699
862
517
493
841
634
678
619
749
635
674
662
610
651
609
586
593
787
602
679
654
629
696
640
682
616
597
764
588
760
667
574
720
755
641
675
887
674
657
697
585
741
668
702
484
537
714
484
685
523
673
524
738
642
651
620
542
578
721
611
616
625
545
665
684
629
651
543
656
734
657
606
708
616
736
603
711
663
729
607
687
695
716
669
587
681
520
647
603
811
738
527
643
617
691
701
715
662
692
854
708
748
687
753
627
706
661
614
705
597
650
689
711
825
756
710
656
674
545
529
820
564
628
698
787
572
575
638
612
815
579
550
680
752
581
608
552
630
668
766
715
537
596
729
521
700
763
673
671
688
684
606
671
760
598
710
642
677
746
636
718
682
637
735
661
629
573
647
705
588
722
697
741
681
533
717
648
485
635
679
590
819
625
738
606
774
641
702
742
669
629
773
563
628
623
731
792
589
731
583
703
713
841
648
755
660
638
583
630
668
694
649
752
577
680
656
688
733
712
572
770
596
543
691
725
603
589
770
873
629
610
542
831
661
525
701
735
706
588
661
528
844
725
732
573
542
644
672
613
701
544
674
728
726
615
631
689
622
807
715
584
636
574
636
651
680
567
679
622
633
748
732
625
664
545
570
619
613
622
580
670
605
648
685
633
633
706
692
603
557
609
680
732
619
653
689
699
679
779
734
738
666
714
743
637
660
553
558
631
686
522
656
655
619
701
588
705
664
714
634
637
778
608
705
607
543
632
657
694
812
764
734
666
677
808
682
607
621
689
674
670
708
559
642
536
684
641
570
566
606
728
744
693
538
755
626
672
715
571
607
676
706
531
694
650
677
732
617
556
601
729
667
554
707
718
512
663
746
659
598
575
654
544
598
644
705
717
627
589
767
859
701
725
658
595
720
733
652
654
649
662
633
653
714
604
778
563
642
696
764
525
671
653
639
728
611
675
697
579
666
553
722
684
638
597
615
611
600
742
572
739
624
672
573
697
698
656
622
758
546
692
887
672
692
679
768
573
578
598
677
530
565
704
583
773
742
549
696
656
707
584
681
667
733
779
617
577
565
772
681
661
550
620
605
476
634
662
724
681
581
562
553
586
619
501
634
746
655
587
650
694
660
685
806
667
707
692
825
564
649
673
657
556
755
818
562
650
698
604
692
713
613
558
515
681
678
762
703
621
737
747
613
630
592
652
708
744
569
720
694
731
661
684
600
633
670
736
711
677
572
592
614
791
687
639
753
635
795
678
800
748
608
746
679
625
651
647
636
722
654
599
662
680
630
584
622
611
684
729
648
593
829
794
560
683
579
715
674
673
669
633
608
666
573
547
664
581
772
560
621
628
629
572
609
563
741
637
639
732
666
723
641
581
741
694
695
555
660
810
667
527
562
627
511
738
494
647
742
631
762
628
772
781
514
657
712
663
718
651
648
703
599
629
631
600
783
559
593
671
607
639
610
720
626
692
635
555
685
584
604
610
823
483
608
508
542
577
528
668
763
630
663
680
668
569
814
688
648
754
806
718
700
741
643
738
624
720
721
558
742
727
694
675
645
648
596
621
730
621
638
794
716
608
606
630
584
707
619
673
684
640
621
749
497
614
632
747
684
712
801
703
874
676
786
700
587
526
684
659
642
708
711
624
677
682
650
541
601
573
565
668
731
644
519
573
678
539
769
677
562
696
559
690
665
665
692
584
802
655
631
614
574
757
744
681
621
616
638
600
743
709
746
723
731
615
652
908
829
667
789
