0.128958970307
0.033607687723
0.138848248463
0.195121204936
0.26911880545
0.0070944419109999
0.014652647164
0.0243356895359999
0.00903713234
0.0301039189059999
0.0072384169079999
0.013720067133
0.009255852496
0.0543176370479999
0.0444250723579999
0.051428389671
0.009705579682
0.0273953753529999
0.051997897682
0.0352943920849999
0.0070887442379999
0.0172480893009999
0.051547169866
0.0125994059039999
0.040656163791
0.0079598611669999
0.012315304291
0.0777497820229999
0.014055557141
0.167381720378
0.0171065230339999
0.0212641682819999
0.051755787152
0.248053884655
0.01312113637
0.078276698317
0.018682731814
0.2167388958239999
0.519035069624
0.015634177381
0.269334025936
0.0602321258229999
0.033033361385
0.012823512305
0.064626862221
0.0051942722629999
0.0110419443929999
0.0101448676659999
0.0185265160199999
0.145903506601
0.036035554938
0.0226958362739999
0.0200345911229999
0.0087263692079999
0.0755658600099999
0.0101579468019999
0.2608063401439999
0.11426614293
0.284224811142
0.0763628372989999
0.093225948879
0.7487105859909999
0.3700387889159999
0.021265065551
0.102097502461
0.0413053237699999
0.0225189532799999
0.0157971834619999
0.0389851279399999
0.0044554114239999
0.0019172419049999
0.2792244919409999
0.055071167642
0.0135520810129999
0.0236008149869999
0.0494272233779999
0.01943619347
0.008774440778
0.0186966063879999
0.0100261743559999
0.0195699592879999
0.014684060836
0.0148597143019999
0.001678357706
0.013232060615
0.0302558676299999
0.019957596897
0.0692701821429999
0.0793227958479999
0.0291762224849999
0.0756040766379999
0.0209980926699999
0.1370042516149999
0.007266474588
0.0178418143349999
0.046167199585
0.018877843058
0.006266785521
0.008243344212
0.0365969859529999
0.013274429355
0.006008643562
0.0068999118389999
0.0023250697529999
0.004664013685
0.0049406394419999
0.0090928503739999
0.004298072456
0.002715643356
0.082322759534
0.0492885003149999
0.131394507831
0.0869103925709999
0.044866284547
0.2141342283499999
0.128922263881
0.005976517381
0.0241446855219999
0.017096183021
0.003154601283
0.0293674823349999
0.0154635015949999
0.015610242373
0.017024105088
0.0198943486799999
0.010102742559
0.059078965534
0.013670870661
0.034422168353
0.009169017488
0.005279043727
0.0130248634849999
0.011778226953
0.01573983531
0.085775833898
0.105094167042
0.025732266194
0.006197349718
0.005272396343
0.021099336502
0.012065423055
0.0167241977119999
0.0314646399279999
0.0671335054089999
0.09275284361
0.088804662657
0.0388107554719999
0.0119041229849999
0.006500511125
0.024709998308
0.075447275087
0.033100766426
0.0192461922079999
0.0731406778169999
0.1384786361959999
0.0914310281989999
0.1611486897249999
0.029646343884
0.0349440781719999
0.024596602064
0.0434120152529999
0.026209165197
0.0376748488589999
0.0567275602469999
0.0363027371809999
0.0188516004069999
0.0490032439359999
0.0201386788509999
0.1494208810349999
0.0668559034839999
0.054460459575
0.0516353612359999
0.008445252663
0.0294214402439999
0.0128821745149999
0.017097981483
0.0247511852409999
0.004491686608
0.05857853128
0.0145730441929999
0.114480814295
0.068672955106
0.027582867191
0.010724135041
0.007825100793
0.051282455352
0.00298387026
0.0087871886429999
0.018640248374
0.019603726337
0.0493643437599999
0.004200468284
0.0253798616129999
0.0201181183219999
0.0034239456379999
0.023718478849
0.051607514739
0.045988970683
0.0761620624259999
0.020889688335
0.0178614029439999
0.0051164539879999
0.0074919766769999
0.0101122909759999
0.0344686417589999
0.0391452526879999
0.0084762728289999
0.112018830366
0.2727007250059999
0.296026151233
0.071976297498
0.1835435614289999
0.0510264607129999
0.0355636383849999
0.025814052348
0.031578070702
0.040178566823
0.0040477961739999
0.013847909946
0.030214190506
0.061752443031
0.182934131113
0.027361249592
0.126664414885
0.073615732227
0.0043724325449999
0.015859717772
0.008818503626
0.299079451794
0.0781505485779999
0.029554506354
0.0117283970989999
0.1387928287209999
0.1478555367789999
0.0522093920449999
0.069255898389
0.039628448394
0.072057476952
0.0594333594579999
0.014505876479
0.013423830923
0.0765738157099999
0.011239952263
0.0026127783379999
0.053880080128
0.0251164152589999
0.006259371254
0.0228804198919999
0.0199805793359999
0.0133693726529999
0.0718717264699999
0.0135150353899999
0.055609016151
0.0067187958509999
0.016466957842
0.010595338486
0.0102390406779999
0.024302513595
0.0787213706399999
0.0134055305879999
0.007997071059
0.006153163877
0.013812311081
0.007970338166
0.0066381801979999
0.020119494069
0.0197176196989999
0.0212191049469999
0.0663751369549999
0.120759677224
0.311889294882
0.032068838025
0.0059962574309999
0.0134821073749999
0.0986416098269999
0.053321152074
0.055532702017
0.0620634839849999
0.0452118221549999
0.069627696655
0.014066098312
0.00846916898
0.0280969748189999
0.0603985511379999
0.0079787964999999
0.0305353756299999
0.0153193121329999
0.0147308430789999
0.0425173037589999
0.054881854671
0.019290224849
0.0351608503239999
0.003250713185
0.012053217132
0.0038041989989999
0.039177722506
0.038301581733
0.0094822995229999
0.0150597327039999
0.04763112939
0.0076078778739999
0.0195528533819999
0.028368655635
0.0192996085709999
0.010856049984
0.0348999018929999
0.0199050496449999
0.0302617161139999
0.070268075074
0.1116894869679999
0.052873484497
0.0497157980219999
0.0334743241839999
0.0328676403069999
0.0415968779099999
0.085362147098
0.168420398254
0.020902136898
0.007578939414
0.0361204686299999
0.030103979815
0.0978664734769999
0.067362640029
0.0594394487899999
0.0431990937239999
0.0358661943189999
0.0208375299799999
0.031167698389
0.0225720480969999
0.0257991368019999
0.04632365804
0.038798250953
0.014296805403
0.006085963375
0.015108926457
0.0419587545909999
0.015606159066
0.016989065118
0.008669181572
0.035767678858
0.30044654534
0.040420473875
0.0184228760269999
0.0756467907919999
0.026625294788
0.056339842675
0.1284492796259999
0.0357465445939999
0.016235235721
0.086492374626
0.0216456672089999
0.036594735943
0.0237146627419999
0.0044848074319999
0.0367651116299999
0.0989743885199999
0.0379919833209999
0.0112117925539999
0.0205765558839999
0.043885035318
0.091609889043
0.055637648538
0.073851950607
0.0735337545269999
0.0182395512849999
0.043669181422
0.0242632593249999
0.0337566750169999
0.0634146395889999
0.0184079332519999
0.0282828813309999
0.043283171174
0.0694498267459999
0.083381920801
0.0090471914749999
0.019452281755
0.007112778469
0.01780883324
0.0671523418739999
0.0399033343679999
0.0202904679569999
0.0053680087459999
0.0188767147609999
0.006476173758
0.0037109299009999
0.005853009212
0.005843674508
0.048351348299
0.028569565619
0.071424127802
0.032717216817
0.006747919182
0.030528360381
0.0080889619949999
0.0102624124489999
0.0602495082649999
0.1921542072009999
0.18673922444
0.0673812354909999
0.1369260414799999
0.1323435597459999
0.0362218341429999
0.1271176087669999
0.407227752138
0.169927589167
0.0367206566519999
0.0435561449779999
0.462836020011
0.5382811848619999
0.06900842351
0.0147691146539999
0.1260884330989999
0.025927429526
0.1490338615199999
0.0238455612389999
0.027576384344
0.0372553656049999
0.051281194338
0.007480645872
0.1861377916159999
0.0383601094319999
0.011027550946
0.2163148177749999
0.0683169827109999
0.0764904783469999
0.1803127615909999
0.042647539287
0.055761162953
0.158283472071
0.28156018493
0.1089691005999999
0.061233142539
0.181121066425
0.0465458611119999
0.0410408198949999
0.029430615445
0.0371146077949999
0.025825077306
0.0273214825059999
0.022131720635
0.017053763889
0.2386786415149999
0.1271634465609999
0.005543854426
0.017042887505
0.014442004091
0.006104192144
0.01038735536
0.071995304153
0.079277589563
0.0996013209739999
0.0387141079039999
0.025036557864
0.0343134818589999
0.164959874236
0.1086988123619999
0.037516658388
0.0284761927309999
0.0314882252729999
0.2468665412389999
0.035978733815
0.00737475619
0.0090650995879999
0.0096495351619999
0.0795022749029999
0.0079279217719999
0.1411502797229999
0.459912206181
0.37107414848
0.0579421009299999
0.1444212328399999
0.0780869267149999
0.2362152974469999
0.017302646158
0.056825850278
0.017811219022
0.014428214885
0.017375127459
0.020883019406
0.0215777934619999
0.0124721436639999
0.0087727905179999
0.018425468863
0.017030779161
0.0134802641829999
0.009537043832
0.0215649149879999
0.0093531560339999
0.009105806435
0.015912538567
0.02300855405
0.044213869636
0.0124167682839999
0.022941186278
0.024345724651
0.012892393466
0.0294512252199999
0.005928123647
0.003477694062
0.007943351519
0.04200235884
0.016054422299
0.0088598998079999
0.01995867746
0.013003887394
0.0063664243359999
0.0166258229069999
0.012640452013
0.104763946911
0.02326376633
0.0385964290429999
0.0439300537419999
0.0283404584009999
0.0583631892749999
0.083967793505
0.375171979565
0.229882837024
0.0683828353969999
0.0639841452249999
0.05340427243
0.0255372440379999
0.0121304665039999
0.084524463748
0.042279041271
0.0623722946479999
0.0330745351979999
0.023308565416
0.033463869619
0.041965390702
0.0108109782669999
0.0281308746609999
0.0159823566479999
0.218248892777
0.0329013369059999
0.0034700319539999
0.0049798615909999
0.0209062928869999
0.145254571608
0.014371151405
0.0092895724499999
0.0124410250449999
0.0159918247939999
0.0116688188729999
0.0101979572939999
0.0649330499889999
0.0079211691289999
0.0117963124379999
0.016920786281
0.0467637585769999
0.1757272074839999
0.027292119504
0.015582595553
0.022963559526
0.004388912111
0.021994726685
0.020446693402
0.032816713992
0.0077561197869999
0.0147508410709999
0.012618818539
0.02906018852
0.016447873699
0.026536199252
0.290602422746
0.0149190497679999
0.016143561632
0.0332558132479999
0.012918540542
0.149188242634
0.014625267481
0.044115155685
0.024211055264
0.0099409846589999
0.0057377114409999
0.0250975585839999
0.059204415525
0.0240870143189999
0.0077613593969999
0.011991312402
0.0188091486179999
0.019035827148
0.015695792687
0.022215067209
0.0085041419629999
0.060442369823
0.040504779574
0.016379819314
0.016835970186
0.015920473248
0.0232680023439999
0.021572514036
0.008957993124
0.028871466382
0.08231754018
0.119140747806
0.049187305952
0.0457100805079999
0.015474554102
0.021890618842
0.0247075125889999
0.019732159501
0.025273218438
0.013820991216
0.1953274069789999
0.404170659915
0.012000458392
0.008865351433
0.010599983972
0.052744101838
0.0071353941299999
0.0092336078379999
0.086050176459
0.03402975435
0.0182091518529999
0.349803428218
0.0139966557799999
0.011872356116
0.0225462862849999
0.018993721184
0.0265576677859999
0.021842047768
0.0908286135039999
0.126438406858
0.040149360702
0.0770816910589999
0.010311088964
0.0272371350269999
0.028735512045
0.1681841897529999
0.0235623215369999
0.065736799589
0.281688809963
0.071441017393
0.119349682418
0.1631227162549999
0.0172914284089999
0.066737642702
0.045113249201
0.1273948126899999
0.0059119300829999
0.0112829412139999
0.0227278428099999
0.0139721119939999
0.00974960377
0.054869277314
0.066507386448
0.020720681292
0.053179051254
0.012487322763
0.0334382938459999
0.0156556637289999
0.1019384936099999
0.115626979282
0.0587704991669999
0.046059358172
0.014468020638
0.111730506029
0.025828030319
0.0253582828609999
0.042287118684
0.077407130224
0.0080179908199999
0.0113717363659999
0.0602617609019999
0.329769305029
0.039718204868
0.129953651822
0.0158627086429999
0.007259519023
0.00717233879
0.0101929587029999
0.031105168821
0.106784768567
0.0999558960249999
0.0716138176759999
0.0120654109469999
0.1310754921029999
0.0221878820959999
0.031245855208
0.011253736225
0.0180279085919999
0.010115573695
0.0209872670009999
0.0254924365669999
0.009344502332
0.0163841870219999
0.0629612562389999
0.144204097612
0.0258704902849999
0.007989192361
0.0137017007659999
0.0316058062949999
0.0130620717049999
0.035400848575
0.1506354892429999
0.021360935814
0.1104011339349999
0.070021317423
0.022286625697
0.0180685979019999
0.008547623557
0.0024582205559999
0.0053405878229999
0.0058472509639999
0.0118051420379999
0.1484625048779999
0.0074899750369999
0.006529430659
0.041810588101
0.0524677100729999
0.038626017708
0.014430757545
0.0263899066549999
0.0239498901329999
0.015689117084
0.0237372325929999
0.004867345354
0.022385157872
0.009979496547
0.0135928859889999
0.044574327074
0.0128469861429999
0.0177107675219999
0.0123251594259999
0.0695757345369999
0.034263846424
0.069859067567
0.0268171347579999
0.0221013805209999
0.036409790808
0.036340896661
0.0113033735249999
0.0351875390429999
0.070984339917
0.0545537470939999
0.063889104728
0.027500692869
0.0874941160979999
0.0249644528629999
0.0809779082589999
0.0175721715569999
0.031658530168
0.067835877468
0.0304846195429999
0.0416902630159999
0.0091718993249999
0.015113400342
0.0955190147
0.052810517956
0.0693229412939999
0.1234379638589999
0.0404159060819999
0.044955218947
0.037077084771
0.019608756053
0.133661772664
0.0262465972319999
0.0082519424279999
0.0096312510799999
0.016532871269
0.014154956579
0.0250099834529999
0.0125586383779999
0.029528933552
0.0207228610199999
0.608819685341
0.043944317381
0.039832565409
0.0650890866229999
0.047647309558
0.0164772957779999
0.050603975462
0.020516340085
0.020647251785
0.0043040891109999
0.0158549022649999
0.016955959978
0.0612582546259999
0.027359595781
0.487680741261
0.079335817336
0.054203746697
0.059868193114
0.018332692942
0.210876989801
0.0305540568509999
0.01188206297
0.007070128332
0.047417356197
0.034491468478
0.1124387977969999
0.1415329194229999
0.0399330669449999
0.0235527041649999
0.0154742078499999
0.020936641613
0.014477337069
0.031183663956
0.0101972960199999
0.052302200164
0.0403149154659999
0.1039645654869999
0.00702900929
0.004744910867
0.0120437684219999
0.033655453292
0.0065179203009999
0.016015424923
0.007855432799
0.0114853677349999
0.0519211499299999
0.059129747884
0.010860402848
0.0596892885659999
0.133280618772
0.0237337888559999
0.0261056890369999
0.0318975715999999
0.0123890846149999
0.012831463127
0.0423293389469999
0.0580416455419999
0.037815056808
0.0582010882789999
0.004023297106
0.014324213259
0.029461937551
0.008649398891
0.0277062182249999
0.005597644247
0.0121891781309999
0.0188161723769999
0.3215346761259999
0.0328984526429999
0.017038669889
0.028656404001
0.0593847391559999
0.017029738097
0.0123255683609999
0.068496138034
0.063483519549
0.082932902107
0.036526326318
0.0429622182869999
0.00919312625
0.009559187702
0.019231822608
0.0171137189479999
0.0277107577209999
0.0471918922199999
0.00958285953
0.0072941464769999
0.104831656481
0.013237073805
0.030458799473
0.0061366914249999
0.008862527231
0.0114376888739999
0.00967973995
0.0278343259609999
0.073897787924
0.007412272157
0.170890100176
0.092193482702
0.0607959332999999
0.023681808373
0.0168470179549999
0.0139242169609999
0.0120070042019999
0.021986161864
0.013393767805
0.00964878256
0.0317659798149999
0.029448034143
0.006285725818
0.010470879626
0.011762636613
0.007993922226
0.006578744897
0.0200720664919999
0.0314916859299999
0.0113837259719999
0.0298687102039999
0.0407826593679999
0.022452711932
0.0216322949839999
0.408821477447
0.0884187004619999
0.094612661335
0.140414296821
0.0287048894129999
0.1226791429229999
0.3791524528859999
0.1531509734899999
0.0130268899259999
0.043884202028
0.012049486325
0.028658111047
0.0137717920319999
0.0420358682999999
0.0101624677599999
0.0436373062749999
0.006997423051
0.0204367571539999
0.014851335993
0.005487028791
0.01066154047
0.0100858687229999
0.0630255325049999
0.0250414475169999
0.0283930204629999
0.074933940801
0.0110820147289999
0.09659080761
0.018308751006
0.1149451068719999
0.017131438779
0.009349666128
0.004899426717
0.0108712816949999
0.046069119305
0.032039664392
0.015759096724
0.0329285198009999
0.0081478458349999
0.026497636163
0.066686686885
0.1150448813019999
0.0609301628799999
0.0996162912389999
0.023104705614
0.016808132916
0.0090407695849999
0.0720108818779999
0.0247241912269999
0.1042195377269999
0.0604110717279999
0.0622071215759999
0.01598350528
0.006289384134
0.048435345728
0.010851538326
0.0170154673789999
0.040690041106
0.00859523906
0.057158409703
0.0246278398599999
0.006102253662
0.0533449297689999
0.029277264042
0.0466289624989999
0.0533266986279999
0.0073812740969999
0.0406072216849999
0.0083267814999999
0.027829468985
0.0238300728829999
0.0745192142889999
0.057197636695
0.0100779716079999
0.1622833122889999
0.079776130273
0.015182238418
0.003943145944
0.0115875952499999
0.0407807836889999
0.086464141806
0.0733067421919999
0.0223797121009999
0.0552086389849999
0.0071003024229999
0.0426012664029999
0.101771036408
0.014476525982
0.0122948456129999
0.013803500243
0.0029784808839999
0.0360478141569999
0.0620743231629999
0.024306849069
0.024557278779
0.037263312816
0.0198528719449999
0.013679558313
0.0073983218109999
0.0126405791839999
0.005286339704
0.073971410006
0.233124104484
0.0243652268409999
0.010083867354
0.0056083526539999
0.0521025999759999
0.077108020147
0.073494054107
0.0551691903759999
0.0682036723619999
0.03083406952
0.013938705311
0.0672145037029999
0.0535458708649999
0.010413092895
0.012452963395
0.0340581191979999
0.0157273905229999
0.0043732008879999
0.015285370162
0.0729116022589999
0.004822956027
0.254855643816
0.0096125548359999
0.0144753247079999
0.045707214279
0.015667040865
0.0068087426509999
0.025384038344
0.017717608475
0.07699238364
0.064630858588
0.1011541765629999
0.0939437821849999
0.0800337801099999
0.17185317926
0.0728285237729999
0.0875395685409999
0.020410175274
0.004548923469
0.0182750009419999
0.0277075388759999
0.041121958424
0.056598056013
0.064516450795
0.019607561252
0.0290741516929999
0.009950255607
0.001657048816
0.0020910974529999
0.012056336747
0.0079283383389999
0.0245891081169999
0.0521971209179999
0.030995011125
0.0293409304949999
0.0105570126139999
0.061126742716
0.009959872175
0.0050813046769999
0.030436198344
0.023926099827
0.027273486992
0.0985206932109999
0.110996046327
0.2881252358239999
0.003742541391
0.0068369133379999
0.0206804753489999
0.0261508727799999
0.051437810837
0.080256875788
0.0091922917179999
0.016584359711
0.0845214004509999
0.0090260299069999
0.004574714957
0.005163221138
0.0164655409099999
0.1017425563999999
0.030535371441
0.0525773919349999
0.019699559976
0.0924328415949999
0.049260920267
0.105713461636
0.0258822519839999
0.0068865604579999
0.0100483499019999
0.007091814471
0.0097712696639999
0.0321482908669999
0.0465468122759999
0.008421403096
0.004949927264
0.0105066523179999
0.0198156062819999
0.0280662337649999
0.028204115439
0.025068618647
0.0170368255399999
0.155177028776
0.064121243746
0.0751905063479999
0.045017583778
0.0161152802359999
0.0355910420639999
0.0089275088019999
0.009275707713
0.010541910397
0.01602822894
0.108128869875
0.0199547693079999
0.01812210534
0.07948020006
0.1369937152539999
0.0295100645689999
0.0034328056979999
0.008175938909
0.0145967541139999
0.0092815386739999
0.0263439620369999
0.0540579681599999
0.0098029253829999
0.0181572231159999
0.135849462186
0.134150269508
0.001845940734
0.016190367429
0.066597552876
0.0054367476859999
0.009078939718
0.011993033466
0.0117730851889999
0.021416306716
0.041679588487
0.0126863081379999
0.051280410016
0.0210387935189999
0.0592720226999999
0.032707648759
0.046680040306
0.0119208546829999
0.070604600763
0.0020235554949999
0.0089245493749999
0.0064560228309999
0.1042608188939999
0.0585595210199999
0.027521791749
0.124314963103
0.007773371087
0.009845408841
0.0820117219749999
0.081795945268
0.587348150428
0.788576021813
0.0168902637679999
0.0315594853909999
0.0198273150919999
0.0171237586429999
0.038053195037
0.0230294874199999
0.010693796275
0.0437702907729999
0.034562405113
0.0329090976239999
0.1381918044119999
0.0826306733439999
0.024126376612
0.066144183099
0.0478444234739999
0.0198153689129999
0.0234374022869999
0.0284893889409999
0.1326157915219999
0.0175285038629999
0.0055430462919999
0.009469117631
0.012622642398
0.039895394083
0.05972003503
0.020058504751
0.127064180338
0.188056112834
0.3827740091329999
0.062630469231
0.222732324792
0.0684856114949999
0.027315632389
0.057971149184
0.1237968839409999
0.0206002161049999
0.004405555871
0.1929449625489999
0.038945584432
0.050275611038
0.0228562294849999
0.002190046926
0.0109502967519999
0.0073809532869999
0.020975070063
0.034719255678
0.0302936606899999
0.009603659873
0.0446190030919999
0.009417349763
0.0717219466449999
0.0345066349999999
0.045087332282
0.020961693393
0.108649632776
0.0722180705539999
0.063690223668
0.055366808182
0.167987990203
0.157388348628
0.068861854983
0.0872151606979999
0.0068841590089999
0.0147134148309999
0.0127160449809999
0.076581245766
0.233433702724
0.115154531429
0.0067095609389999
0.043671897931
0.28904796922
0.0430398853919999
0.0096464497649999
0.009238377428
0.011452981025
0.016070796815
0.047738668885
0.1122372144619999
0.284756042549
0.0072042769469999
0.012317873822
0.051266028301
0.212649850336
0.0109789116089999
0.0313205505829999
0.0259418225509999
0.014113090096
0.0546343065719999
0.0116942838629999
0.018387851986
0.074878458393
0.027748849324
0.0357395163599999
0.0420377481749999
0.018178108676
0.021022328112
0.025494930993
0.008993282959
0.151744129053
0.035630514588
0.031527348415
0.038434722576
0.0450353657609999
0.0123308046469999
0.0386190618409999
0.0594805223369999
0.061572613539
0.271411822608
0.107742097287
0.0220485526949999
0.0896462124019999
0.0242926663229999
0.114459130468
0.076255775622
0.0179938021729999
0.0923998057999999
0.032121852991
0.019318789282
0.0449008469799999
0.010738532664
0.098740747486
0.0535932557749999
0.009740688674
0.046002142875
0.007289805129
0.045409976619
0.011376899161
0.0116708036039999
0.0532342035339999
0.028851848454
0.00570170011
0.002694647591
0.007060227967
0.010446662741
0.0387233190169999
0.008194412302
0.034976622033
0.0292938302349999
0.0183866613619999
0.028281959755
0.0193015703779999
0.0081093741769999
0.008252987998
0.0298444923749999
0.045458431867
0.0529819549279999
0.087969461512
0.0160483735219999
0.0248451925779999
0.038114621399
0.022396624399
0.0200940775379999
0.020757404301
0.0277998840219999
0.054912060016
0.0353040696359999
0.037125131503
0.094405501748
0.0119434119079999
0.010939991434
0.0179075213749999
0.1828693393539999
0.0414026099669999
0.009022924298
0.025583778053
0.005756576938
0.0023015221729999
0.026117494483
0.008043996715
0.06595673564
0.1986475880679999
0.276731516164
0.0483603257229999
0.0112878734639999
0.0099082177839999
0.067553417403
0.050663884972
0.0480534926179999
0.0210539221729999
0.0156092203069999
0.0270646883909999
0.069224309088
0.018303385166
0.1086198626119999
0.1473340036689999
0.0050215002979999
0.0154662361189999
0.049235632979
0.00667313778
0.027153018848
0.176837720825
0.2047608865419999
0.012540595016
0.0109912035039999
0.0078918304939999
0.0184520434089999
0.0062383891289999
0.018036562066
0.0213611100539999
0.012868313347
0.0334514654569999
0.2471897388749999
0.238741386032
0.0166128572879999
0.0372521424399999
0.004188810102
0.5643146671520001
0.0159396845679999
0.007739244593
0.0435581814
0.0153243330079999
0.0202511530129999
0.016183563195
0.0079427518989999
0.0112777625759999
0.0069448048669999
0.044354654297
0.031219343875
0.024034010026
0.0083688582619999
0.0273385209459999
0.060436994267
0.0118980231519999
0.017763880595
0.145367304114
0.0850978544539999
0.056282276979
0.032700803366
0.0610116890149999
0.026794392149
0.0420979027029999
0.0100451036619999
0.026438256297
0.0158652012059999
0.0443683096879999
0.027373344241
0.027674762279
0.006754549814
0.015214354939
0.020583491209
0.052183153088
0.031004708662
0.0327990155459999
0.03240019218
0.0687139187759999
0.0085662961889999
0.1194027889669999
0.099596677232
0.1368992100039999
0.0129194153699999
0.014713071976
0.025010339589
0.0190464804819999
0.047319673856
0.015690639672
0.024650455232
0.036947748371
0.0064301824739999
0.0339265959129999
0.0232085117339999
0.025572318793
0.0420648416219999
0.0626098883079999
0.010525764888
0.0121218533139999
0.0291735453439999
0.006899091856
0.645526207416
0.033095374072
0.007432053267
0.043045573324
0.0125900827489999
0.037383557066
0.0579422649409999
0.035102920709
0.032035052832
0.046649201953
0.049246138596
0.0452401374709999
0.057302000508
0.015896000907
0.032466932533
0.059540335635
0.031363622048
0.1130721784189999
0.0233955973589999
0.072344789726
0.0138453258399999
0.055381858176
0.028393993868
0.063013036986
0.011206234068
0.021361066767
0.0271576594229999
0.0072163888499999
0.0200029465
0.106182854338
0.004880753696
0.026609792256
0.040330741847
0.019064530796
0.034250474157
0.005680251503
0.0044205787329999
0.0197333691879999
0.0441548201189999
0.056905875284
0.2353675682479999
0.511142514841
0.054930835182
0.0952435549569999
0.038072646071
0.0688884528919999
0.0295373523209999
0.014451407086
0.14892379987
0.059273997708
0.0672292430909999
0.033840812134
0.0194520669469999
0.033650848183
0.067417528003
0.0541885061389999
0.046456373819
0.0402463650309999
0.0105111986729999
0.0484267282529999
0.1860358040659999
0.032802230492
0.031725633048
0.0178031051039999
0.0205572970599999
0.04165512365
0.0304689777619999
0.092065251952
0.0243625756699999
0.024842031739
0.0086300914889999
0.0091447989949999
0.0043863641
0.03038175857
0.01458960058
0.023622379545
0.014166798554
0.00570699449
0.008640915619
0.0068915476899999
0.0065344388339999
0.0158047253449999
0.007542651901
0.0302771444299999
0.0860419838039999
0.0336506947739999
0.0321301589179999
0.007881154471
0.045151864935
0.0283836415629999
0.0113425490999999
0.013148329941
0.026022177109
0.138888980655
0.0618332873889999
0.1195405097489999
0.0149151906169999
0.068966069963
0.009593208744
0.017610560683
0.013521643377
0.0580919166819999
0.129477777018
0.106035182434
0.0219242231799999
0.071967247325
0.0069605458999999
0.0164104986859999
0.007972431224
0.0379585135029999
0.004918252418
0.0313205906789999
0.081252024393
0.1343088303439999
0.142653016672
0.144357385214
0.091094103948
0.0154924644909999
0.1843626294939999
0.393642732688
0.0960035375119999
0.294360576181
0.06746478978
0.2318348453509999
0.014900299139
0.0303990000899999
0.099550743401
0.0308309001759999
0.0404883596109999
0.041223223732
0.0305565142529999
0.042295756857
0.0116731963439999
0.0865755487399999
0.3529491705609999
0.10673172472
0.082264535509
0.169473044839
0.0464326892549999
0.0237134374499999
0.033167149845
0.0223573071839999
0.0651008533539999
0.0260741833159999
0.055953355892
0.0142948853659999
0.014748419382
0.0177763564149999
0.012694204435
0.00682442767
0.069238593296
0.0114765331959999
0.0634580164189999
0.046045327439
0.0308704774479999
0.0498716450409999
0.0021134596999999
0.051781687018
0.1328115665489999
0.026182660111
0.0045990750559999
0.043935053838
0.0161813221779999
0.0248724538019999
0.0833514252989999
0.012431464795
0.021229908888
0.014636775372
0.036941762627
0.1025140063739999
0.157222678125
0.369259434047
0.0439801661519999
0.0477740834919999
0.042578947825
0.048851881097
0.0430172009
0.0065986226619999
0.0115912030789999
0.030045631637
0.0126487964039999
0.050692799211
0.04023131271
0.0128933486179999
0.0082736658309999
0.016753415187
0.0322133734039999
0.0224922092829999
0.016755643179
0.107628288578
0.0511639390379999
0.010056832224
0.028366574936
0.0080865410739999
0.48270241813
0.019071862124
0.061033046235
0.0375540899559999
0.0639990954039999
0.0241341495669999
0.023882121369
0.020579010449
0.069936862607
0.0849971905759999
0.041046005691
0.0104885974539999
0.0083336230349999
0.100192409282
0.0657605492389999
0.041562487812
0.426956507999
0.0356834895109999
0.077520295527
0.0207584758419999
0.0487753455299999
0.033171866501
0.0484134828079999
0.0878132836689999
0.063123770266
0.2146934826519999
0.0112845861129999
0.0451959361379999
0.0206757296359999
0.0127622507739999
0.026166017429
0.009789556926
0.1005867336939999
0.0852451681179999
0.053841507832
0.023960578735
0.1382740768279999
0.063240342457
0.009975251935
0.0045033802599999
0.018308015276
0.0049686681099999
0.012032648669
0.169149882697
0.125294157011
0.0163540387549999
0.0530278725239999
0.035718324098
0.0312037390389999
0.033120388379
0.037970960786
0.0872078614179999
0.035327037068
0.0473981045579999
0.2166110211549999
0.0842421189959999
0.040086506078
0.0173914078379999
0.017416481719
0.0246133184779999
0.12447927024
0.037459816773
0.048803801006
0.0082640053789999
0.003369626672
0.0050001587269999
0.007510323792
0.0429645113869999
0.0082011801589999
0.118201955912
0.009688736077
0.007743699052
0.077934755015
0.082018172512
0.0241278058739999
0.019484850335
0.007190838208
0.0302048215719999
0.0316464484309999
0.0887769088509999
0.072712230743
0.043954490177
0.0253352826649999
0.0119341772109999
0.070652902082
0.0266501842599999
0.063893691243
0.0677910454819999
0.0233237774
0.0840600925019999
0.123146915796
0.023350024098
0.092907202069
0.045713658522
0.06246053223
0.063612721608
0.1250721969489999
0.0407154388199999
0.618473794854
0.400425488636
0.118506599181
0.2827298117
0.034312698492
0.030358038944
0.063593622886
0.0120285870009999
0.27808081564
0.0696170778
0.010709817367
0.0035484111069999
0.0146713210419999
0.012430797181
0.014769010891
0.034230478597
0.1047206572779999
0.007573098618
0.071733068065
0.0169255622609999
0.0268975563619999
0.019410412965
0.005558113639
0.312789598801
0.1053652339439999
0.051729769217
0.007320039756
0.0039739074589999
0.0851691914829999
0.040920937896
0.111665525291
0.010116934561
0.0313509395269999
0.042205704723
0.038068537847
0.035759676659
0.111704348569
0.1393286253729999
0.057732042968
0.122511077418
0.037132395079
0.0167997826119999
0.008456524951
0.011015520574
0.090375060599
0.049590531856
0.034100258784
0.041125264281
0.030976645104
0.1340323285619999
0.006539158888
0.009721104336
0.025644259015
0.1408364224
0.440224887032
0.0492010038879999
0.017591990015
0.011167280973
0.1922517130969999
0.0224919625659999
0.0306138414409999
0.0315050316289999
0.04132638982
0.043454513596
0.0294257641659999
0.2241580752499999
0.0343100992549999
0.0271194412399999
0.006414256977
0.023782079008
0.010732061537
0.0290110416469999
0.0784760486519999
0.074840339816
0.0169124875339999
0.0543259665649999
0.023446699107
0.014215273547
0.0084627112099999
0.0111123268049999
0.007396151651
0.007529600111
0.036090262712
0.081031145569
0.0557681052009999
0.113620287629
0.203161331771
0.021604192565
0.0126541216059999
0.012615796488
0.006710673854
0.0168826696099999
0.034501635436
0.014987029176
0.010143737483
0.0060301902739999
0.0107049889589999
0.02417546945
0.056739427432
0.013068651124
0.048548464286
0.0106685634159999
0.018242123266
0.0329163229769999
0.028973482206
0.0069810485439999
0.0101256859699999
0.016572354893
0.0919888976489999
0.010643641177
0.112464294962
0.177226447402
0.009493651767
0.002043417782
0.010804149845
0.04988297576
0.311887289309
0.216548274936
0.0631244431899999
0.10126226238
0.017028558964
0.012521004852
0.051295709862
0.224587581369
0.0088601802519999
0.042952691737
0.068219826032
0.053379212103
0.0684318905749999
0.007504728979
0.0064814701969999
0.0114237741349999
0.0152188460869999
0.0301096975289999
0.008377908517
0.1742508020159999
0.0142041232309999
0.046750194437
0.0434131321499999
0.047383493331
0.0192088060709999
0.017580071247
0.0531662920659999
0.12292690775
0.019407177372
0.101373905022
0.14097888489
0.130600078483
0.090204469691
0.115933320451
0.146864656951
0.020804579369
0.127735645563
0.01364349184
0.2038964018819999
0.263546507708
0.015700438274
0.1311826991279999
0.013824861385
0.16586546404
0.122481868492
0.1072736102529999
0.0515949331289999
0.0792855921039999
0.0620131533559999
0.3795221710909999
0.213950220694
0.110372040932
0.0314915183149999
0.0221628322629999
0.0077717476649999
0.010908588222
0.008292027594
0.0050902559819999
0.0490682478089999
0.0044340440879999
0.016561995742
0.0340323038159999
0.00238737968
0.021048500834
0.0863280986059999
0.008225923091
0.028841652409
0.0670595551029999
0.204772118503
0.0572509163659999
0.016182369096
0.1056457740089999
0.0596704647129999
0.059176129015
0.041162491106
0.046556314628
0.0233772123459999
0.0078716118239999
0.074522713657
0.0061177376609999
0.013721757124
0.0130761033609999
0.0305297269109999
0.0890487965249999
0.081114975499
0.004034846176
0.00595716796
0.036982579697
0.0503034125039999
0.0166935782899999
0.0167586586379999
0.006544155974
0.0174205516109999
0.033465686681
0.013056612063
0.018704904864
0.046411791155
0.009043730265
0.0134919426039999
0.2002197635979999
0.0166334716039999
0.0173601272969999
0.156270499723
0.007298561712
0.04519141486
0.038199813258
0.421215443732
0.271963777972
0.0204583297579999
0.0381460428109999
0.0047673617969999
0.03516215293
0.0103697937969999
0.0239589727729999
0.020027364473
0.079899542348
0.03517473634
0.0694242876699999
0.0452423638479999
0.0074508130249999
0.0725710926379999
0.0322780425209999
0.042272919533
0.008572036231
0.0203333853129999
0.0235608509839999
0.042577614714
0.02881373338
0.043982447063
0.014806222281
0.0207055978339999
0.0148155632369999
0.018722859808
0.0367656058269999
0.0300186435579999
0.0326175546629999
0.0063180085339999
0.0131702594729999
0.020971166006
0.005913874665
0.0473207913569999
0.0215895627259999
0.053698257951
0.0160685799469999
0.030446654627
0.08584091498
0.0110805267619999
0.0296488301949999
0.042544998324
0.0638706511019999
0.333763230044
0.039984438294
0.0695350785299999
0.0036030037219999
0.029951158066
0.017188928925
0.015572314292
0.011377777107
0.047349331664
0.1029895120539999
0.0323059857699999
0.0552701667489999
0.0441900572379999
0.030513231898
0.0151506933599999
0.023593464539
0.027184002748
0.051955858853
0.0217296250459999
0.069267126023
0.1518646181999999
0.030179417652
0.1618532096129999
0.0171355317029999
0.0125387220039999
0.1516823596109999
0.0151675751259999
0.00401730563
0.0369568724819999
0.056074680318
0.0960957040719999
0.046812703284
0.1563323875769999
0.011339505095
0.0506466396839999
0.020129084176
0.035970988722
0.021379793789
0.0956307166359999
0.0127240806559999
0.048398046098
0.0560044476719999
0.127993101825
0.019522204614
0.146444271355
0.434885842553
0.073203606295
0.026203317892
0.111749536888
0.009671098862
0.0099840530739999
0.0188827134419999
0.0240155408769999
0.028965193064
0.0205228207209999
0.013851572253
0.052281786893
0.066392714969
0.06649592099
0.0303726901769999
0.0198736795609999
0.0056374252969999
0.01190653979
0.0620986710319999
0.2195684349619999
0.031719301896
0.011534947967
0.196641776158
0.070810923376
0.030479599253
0.007645792663
0.009077002213
0.051680316316
0.03486364843
0.2079094845879999
0.366841613178
0.022898895403
0.021499365228
0.0270038172469999
0.0094371455999999
0.2015599099739999
0.26992030308
0.337849054166
0.021453326494
0.061729730935
0.004365543031
0.135362059649
0.05077840137
0.005041769113
0.0126110268479999
0.044137932623
0.025137848097
0.006172840083
0.0178810708309999
0.015382172516
0.0099026290539999
0.006027309925
0.012092174071
0.305050580032
0.3394420965169999
0.0593092112499999
0.0395122293359999
0.004331320155
0.0113621486399999
0.013157117124
0.019606310327
0.022097400341
0.0095119891129999
0.012677439393
0.0197454911419999
0.014830476017
0.0085307269059999
0.066664204831
0.0610992046749999
0.033384950162
0.0286519122899999
0.0272143322469999
0.060857994742
0.04949307511
0.014065965224
0.0621576207649999
0.0406203465169999
0.010484350327
0.0059665387349999
0.0744692569799999
0.016986439018
0.0052384595
0.023912353407
0.1494838072709999
0.0088194455619999
0.0121068860849999
0.058421448662
0.056476527183
0.0056024744899999
0.0322948497849999
0.022651472434
0.0063941071199999
0.0117798263449999
0.0107916567689999
0.0057176114079999
0.003228687757
0.022404695094
0.034135119474
0.020306020016
0.053709640461
0.124357519663
0.003488303536
0.010423630065
0.037180749557
0.01770168365
0.0087990117009999
0.094838687289
0.0952109633309999
0.051017677408
0.114893246438
0.0208860856539999
0.116729579843
0.079438754978
0.0419061612469999
0.023352083742
0.1248590534019999
0.0327392211639999
0.0379235705339999
0.0112976011309999
0.0166739606639999
0.101565295532
0.0173200168149999
0.0096000773069999
0.0105437343609999
0.0134406613059999
0.0163060085289999
0.019443514917
0.0246661856359999
0.0083532861109999
0.0318322659059999
0.0342021262939999
0.013044598977
0.014256176418
0.021068952327
0.0497985391349999
0.0174666629499999
0.015415670621
0.1613297988359999
0.0255907254549999
0.0187228673099999
0.018035160628
0.0112135289179999
0.020822348964
0.0080195647499999
0.366171955374
0.0305072722329999
0.0212516056599999
0.013418579138
0.018285780441
0.0331756671039999
0.021468209134
0.088349430187
0.0069245126229999
0.053011476505
0.0065798388869999
0.0210624983749999
0.020021432603
0.037072540266
0.049614434785
0.013382556378
0.1334312304229999
0.052017285226
0.11117432402
0.0451025618999999
0.0544287981909999
0.0513449418639999
0.017314308897
0.0307105651929999
0.025581696699
0.045255064962
0.033979861765
0.119266079148
0.0141584722359999
0.015389192244
0.016502465028
0.011702251796
0.049717948264
0.0345959752019999
0.0078979159319999
0.018543990534
0.074345228506
0.0934851622989999
0.057686178414
0.0204124529089999
0.0048327128359999
0.002776468606
0.0163329809869999
0.0190142253859999
0.076584758028
0.052399691198
0.0619844528859999
0.0333495910559999
0.023706434191
0.0068143312909999
0.0136712096909999
0.022493374936
0.037650664859
0.0266353896469999
0.0248050146689999
0.042394345558
0.072325656485
0.060598484772
0.007772086505
0.0079740805869999
0.117716043283
0.061609564437
0.006115520282
0.018533817432
0.016769305073
0.0246767498819999
0.012345438228
0.0500581963849999
0.188156237816
0.032888993336
0.0147794981429999
0.309414171512
0.576178795989
0.296814759429
0.0062377952409999
0.071278669392
0.0322469931619999
0.021301392954
0.025830092524
0.006104776336
0.067453107764
0.0125632110069999
0.0258446206439999
0.036020634304
0.0210144968219999
0.086901292675
0.069631889709
0.06066216929
0.0658330118729999
0.055364573445
0.016944037592
0.0072488838609999
0.0091663564139999
0.011798737576
0.011596309353
0.0088289572259999
0.0409603052579999
0.0645226393869999
0.009406485991
0.003978469303
0.008223989822
0.039991597898
0.0581109845589999
0.017936431655
0.1312039191849999
0.0113686555109999
0.027475717705
0.0290383749449999
0.011435134259
0.0105368990469999
0.02374984966
0.0119986561839999
0.006091036502
0.0696286348479999
0.01438284698
0.152625211744
0.042635472056
0.013647375617
0.029507500858
0.022484820779
0.007454710258
0.0072831240299999
0.2163621735259999
0.0659168282669999
0.076685881894
0.010533501713
0.014334528174
0.0753526649519999
0.2556549648899999
0.0638130569499999
0.0043548128499999
0.014250775017
0.011585524722
0.027115519982
0.0163265029229999
0.0170134438569999
0.006115282671
0.0557850955369999
0.038943313435
0.007116807097
0.009486092699
0.004260474781
0.007861206836
0.019103007115
0.026832746479
0.010320818593
0.0153123129809999
0.0284617996489999
0.033266624813
0.0111677953009999
0.072197578519
0.0476115461899999
0.299155662134
0.02881254327
0.068845019759
0.112942119478
0.0149561591639999
0.010968666703
0.0248904976849999
0.0350750929759999
0.0185589076879999
0.1912854760669999
0.0277043594439999
0.203453821077
0.185280486847
0.22982221121
0.131910997019
0.0145872804959999
0.0837989425749999
0.1434702648529999
0.03975200041
0.132036236291
0.0786584672079999
0.093456758711
0.1503585193269999
0.2869461295959999
0.156531127946
0.0563370968859999
0.020487685524
0.0209147564949999
0.0320034967279999
0.047066381056
0.018064149094
0.125738578732
0.018551874406
0.0112928351469999
0.0108175421459999
0.0210470682769999
0.1173362677089999
0.151236126391
0.0532195509089999
0.067912217755
0.061579568545
0.029930370776
0.0287022702539999
0.0140959353709999
0.006619170065
0.025690996436
0.024439561665
0.1011288280909999
0.0276927221139999
0.0036791846749999
0.022100552132
0.083061327808
0.0080240038409999
0.020786879264
0.0067330340969999
0.044352178507
0.013776019888
0.265626396954
0.0060767464919999
0.0141865820559999
0.015493014512
0.0516861560629999
0.2329023544599999
0.286018969934
0.0164888634859999
0.009551548361
0.012579359826
0.01866468549
0.0932123166139999
0.055077747029
0.071721193857
0.0049040684269999
0.018419168455
0.048260147547
0.023209343208
0.0172825640699999
0.081504706843
0.141976516909
0.0154002155289999
0.011012394701
0.016831236362
0.030599442148
0.006044746097
0.0148759028249999
0.006907590539
0.0017904423739999
0.0182022504429999
0.022845353351
0.0067107402099999
0.063108737967
0.089886356904
0.010197775754
0.071548040473
0.0099995058909999
0.1954005637479999
0.1600141076279999
0.182594267212
0.133208434632
0.008404675413
0.012814513763
0.0715127196879999
0.0154318393669999
0.013103224453
0.015325065023
0.0163852949639999
0.006751313546
0.00961333835
0.005116252791
0.003901987153
0.057103466643
0.1475196234279999
0.224775694235
0.0029990983919999
0.006759768887
0.0112758292169999
0.0216282629599999
0.138167353418
0.019873565658
0.052334427462
0.063761715765
0.013927450197
0.059603569665
0.128626518316
0.0812466153149999
0.030738547064
0.0091841632829999
0.0035371153059999
0.009174585121
0.0394411749249999
0.0039613724929999
0.055971887506
0.0533317656809999
0.004336756965
0.0074992056589999
0.0942329238279999
0.017643923186
0.0119156754139999
0.017484219239
0.0714466872319999
0.0033524324779999
0.0130884482749999
0.0007101266529999
0.005708134065
0.014872829455
0.0449500850549999
0.034868600232
0.01456141276
0.023019822023
0.0094478531889999
0.0048266775099999
0.035448513184
0.0215524704289999
0.004390919531
0.02977632894
0.022862888225
0.042580826341
0.061267250986
0.0270997054599999
0.0589161779629999
0.007593545098
0.0641349648219999
0.164140746423
0.0746593980969999
0.076930896633
0.002983940055
