0.1043099412079999
0.0389555422849999
0.044651476464
0.009204692874
0.055726101936
0.004317255802
0.0243010772349999
0.0589985815529999
0.096247971085
0.0123650702449999
0.001082595528
0.018685165508
0.0326482736559999
0.052344914523
0.015807110126
0.027880650334
0.0173162782369999
0.0407171596609999
0.004550553102
0.001791711283
0.038881720522
0.0062910299359999
0.0123226718069999
0.0501797977219999
0.0049733059719999
0.002073298983
0.0323642414129999
0.011979342363
0.018324294031
0.0185405900409999
0.0141466673989999
0.057038709028
0.1220285812429999
0.0183285733789999
0.003868284854
0.0040956298959999
0.0044971250459999
0.0042715061539999
0.065871883392
0.0628778236779999
0.0247353421079999
0.0135970067839999
0.154493234202
0.002709157836
0.050686471723
0.0176582614179999
0.084500909499
0.055260680289
0.058808851961
0.024328879483
0.082522313512
0.423670119523
0.106705788438
0.0089468724829999
0.2481034504879999
0.0370223064729999
0.0198297535089999
0.002343231103
0.508270866026
0.0600256395589999
0.025207689418
0.027271809046
0.0095493210299999
0.0113353774959999
0.012205508173
0.036500106313
0.0376951978809999
0.0345644182419999
0.0398636036609999
0.0152268064849999
0.1016768853199999
0.007677270057
0.043975063554
0.0155051152189999
0.0145857639199999
0.0093112786279999
0.014303474561
0.0132964195389999
0.1495786181449999
0.0105176377819999
0.020839032873
0.0226184866099999
0.029037388129
0.008845505694
0.034910446955
0.010037415464
0.328363810497
0.0029435982929999
0.0874988961789999
0.0146214325919999
0.018292134483
0.026461522369
0.0304326776559999
0.0302199643839999
0.043592116005
0.114859409126
0.004419422185
0.020696387459
0.0195020260449999
0.086657831352
0.086493768641
0.0447587952769999
0.1031067548449999
0.063014771671
0.0289714014859999
0.0322845911839999
0.006688261601
0.0770426613489999
0.017063536029
0.0101733996249999
0.012581347909
0.0105220754139999
0.052119547199
0.020221301193
0.0103914086759999
0.005477028072
0.031129813046
0.007079160685
0.009768018955
0.017641361296
0.0837755398049999
0.007081144512
0.0392507823779999
0.106457542337
0.064386299293
0.00336287694
0.00732162418
0.011281063358
0.006606226056
0.048882085617
0.0058107481489999
0.0081428717389999
0.05682249232
0.1102359676099999
0.0069456907899999
0.0063908916479999
0.0245140598009999
0.028110884046
0.034643772236
0.0123736643599999
0.048625094684
0.005447424168
0.0148010111099999
0.0222280101549999
0.027575615719
0.0089014504329999
0.018105996991
0.049301970041
0.002204768583
0.005256875157
0.017421782933
0.0156916887319999
0.051512924971
0.0510747426069999
0.2492084154279999
0.187441845358
0.015896975093
0.042227175964
0.01471189614
0.0093649561349999
0.032191824996
0.007014903353
0.0554300154019999
0.0173048064309999
0.046350733131
0.04461801184
0.0048939146659999
0.02083008595
0.0073523054909999
0.019061170498
0.02317920462
0.0647622786429999
0.033916798336
0.0088382817819999
0.0210425289119999
0.0037319024099999
0.0298526572699999
0.1630836325279999
0.010260338813
0.0209237993469999
0.008643812816
0.134816504486
0.0471573611569999
0.112863588558
0.0032445375849999
0.0282725677859999
0.1669505518799999
0.02400378022
0.0134678272189999
0.184919985594
0.0243545995799999
0.012278991509
0.0353939295849999
0.012476827875
0.013560346336
0.0718905130689999
0.235186199714
0.030024542212
0.0201964979
0.1503420226749999
0.0554975575549999
0.0381939668059999
0.014921290008
0.1237839020509999
0.084117754489
0.2476129610249999
0.019179202541
0.038054351089
0.014967371445
0.02846128642
0.008403213176
0.0059008895559999
0.169588465623
0.024111348111
0.0445412945759999
0.0205954691419999
0.1031515522949999
0.358441386751
0.203689145402
0.034929473266
0.0108378361759999
0.0137233199109999
0.018288513662
0.103253198746
0.0443305169169999
0.006314628392
0.02843675301
0.0205610095589999
0.003285891625
0.026615406592
0.0093395857079999
0.0106137137299999
0.0072010117869999
0.0219415426329999
0.03670547712
0.0268510496289999
0.0138339988479999
0.122298304202
0.012733432165
0.0095596916619999
0.0063477337999999
0.0134360312329999
0.0762309395989999
0.005148486262
0.0354611444239999
0.0286555820749999
0.0770459779909999
0.0350304903339999
0.0140154258069999
0.0093158032369999
0.0553555552629999
0.0202898215119999
0.0097325464469999
0.05026479909
0.049992743023
0.0039884759349999
0.0140757138729999
0.0261299001129999
0.077066030461
0.137722637494
0.0085676779509999
0.01764158483
0.016484031919
0.0083209045209999
0.097086619577
0.189955693494
0.016292252043
0.0161259635999999
0.012635985774
0.0311314881709999
0.020749780658
0.0292175443259999
0.1139170185029999
0.096861630127
0.018238159753
0.0167367740499999
0.1292258706429999
0.038415434282
0.008180498455
0.0584026560579999
0.023321710964
0.0699732955899999
0.2470019069819999
0.020435612936
0.1591102538409999
0.0225526265919999
0.0046813408829999
0.0914574861779999
0.4681513591039999
0.017353381302
0.1424157495219999
0.025480171085
0.015237185537
0.030876238558
0.0122685544549999
0.0020967985959999
0.03955693082
0.023095952903
0.0360507481859999
0.0177092197679999
0.0172625175759999
0.0103958350639999
0.0271291824079999
0.054967144988
0.0266703802469999
0.012265769841
0.01946166947
0.0355948429419999
0.010645268019
0.03143035133
0.074229709327
0.0246238139059999
0.023328770887
0.052011827629
0.0633242448869999
0.004903901563
0.001726603468
0.007179246393
0.378797006056
0.0480411684289999
0.0276270618559999
0.0039858971549999
0.475589935161
0.3860867614909999
0.010356533394
0.026853724368
0.014304726631
0.093661257303
0.0146395039529999
0.021145715262
0.0142056804829999
0.121001243072
0.038204424139
0.0841223954059999
0.0157151893139999
0.004381096994
0.032279431726
0.04453956269
0.027076678231
