0.1014972848809999
0.031866784073
0.082443898068
0.056944674949
0.3403259678579999
0.0256105729769999
0.0191381431429999
0.024703815223
0.0178768844219999
0.040023720254
0.061180449744
0.1160389409259999
0.0371751136129999
0.047062307581
0.128383036656
0.029521615393
0.032520906611
0.019837344714
0.0314208542689999
0.370162530141
0.211294961787
0.048935001473
0.043813927812
0.015005375636
0.071869549862
0.019776520425
0.0285053355579999
0.0258449711299999
0.010237253967
0.0091575396349999
0.0050453890589999
0.063840248139
0.1447646974649999
0.0099508572199999
0.059084241855
0.0225357569949999
0.039852891786
0.0091595448929999
0.0480240696189999
0.083789120954
0.0867992854579999
0.0077745686979999
0.014121650084
0.0064812983409999
0.0105687516419999
0.018769218294
0.0104480794779999
0.0202149806329999
0.094838269353
0.0516892727729999
0.2174130707989999
0.034653799811
0.026859084698
0.0348705295679999
0.0288747175089999
0.0301102386229999
0.068040608972
0.398168502594
0.372649010428
0.018624922506
0.027882061949
0.010550156124
0.0793029421369999
0.130462065947
0.073054178396
0.0097686626759999
0.0121508754289999
0.116767929265
0.0076559906399999
0.106950239124
0.05228318969
0.01239515275
0.0113358729479999
0.036658993449
0.038903722533
0.018660169084
0.028371350366
0.1554250648149999
0.0442486806249999
0.030946519861
0.0122279098249999
0.042689314084
0.0037160136299999
0.102904957391
0.0857590941679999
0.0110659295439999
0.0395351623159999
0.0221150258669999
0.0562077770729999
0.065196338909
0.160305296655
0.069564863034
0.0370943563919999
0.029595068084
0.0070536694099999
0.02453184353
0.055811006836
0.0470690406949999
0.069557893603
0.009456303394
0.017912690959
0.0095422886349999
0.153655593053
0.1572495574979999
0.0268777941029999
0.0713634222889999
0.024911069242
0.012376048697
0.012308909142
0.1054048579509999
0.157868400438
0.018589674932
0.014376666595
0.073580484638
0.057851732292
0.0303656319859999
0.029075206332
0.0267240755219999
0.0239167922459999
0.017935359554
0.076430878416
0.0252894925379999
0.03822433289
0.0330739826929999
0.112927670262
0.0809751322439999
0.0424786884569999
0.0174372492019999
0.0538615164569999
0.0162965619789999
0.004282060825
0.0118960895849999
0.0125284119699999
0.0133884251979999
0.046716520804
0.014444967299
0.0317732288559999
0.167868177984
0.2663584955179999
0.280825542376
0.180569944288
0.112129052643
0.1171416363639999
0.0030390787809999
0.0261560824319999
0.040582056373
0.0747414570129999
0.0596269501639999
0.0338169026539999
0.033344730056
0.2101737132859999
0.433239463293
0.316957977315
0.0149991746209999
0.013606416235
0.0045860695049999
0.045409539798
0.048698302744
0.022291609845
0.0415569644809999
0.0279912104709999
0.0288614692459999
0.0206767252259999
0.006487189562
0.053691066322
0.007169280372
0.0191345973959999
0.019280630859
0.060686788592
0.319575878504
0.615931045244
0.0085161395199999
0.0844215853219999
0.0743606482049999
0.0190221523389999
0.036714275701
0.0228378449399999
0.10292285045
0.02573669275
0.051240580645
0.037630253316
0.263510841676
0.009897221141
0.025356119425
0.018585866446
0.086558009444
0.0144172136369999
0.0734606702169999
0.055135712461
0.038212422127
0.02270330961
0.0157740512299999
0.024254015882
0.107626646353
0.0549796405589999
0.012428917331
0.121583012284
0.213189579567
0.01178320836
0.009247417817
0.0080433612
0.014735628885
0.010206839264
0.265532635316
0.0197774829529999
0.260404658391
0.058259330452
0.0191332658899999
0.031531716843
0.0376459527389999
0.0155075596499999
0.073475838281
0.0785834152779999
0.017157791216
0.0233000105399999
0.014232814343
0.025250129627
0.027706439306
0.0272545529509999
0.021426797547
0.0326224597819999
0.019882798501
0.0173950167949999
0.0142754833829999
0.1469737675019999
0.100072604263
0.0846188542629999
0.21301173095
0.008903766318
0.013884703716
0.008057424073
0.010953626733
0.0363165517079999
0.007188858255
0.067357413077
0.047883028826
0.007524675044
0.0072335527679999
0.013354650632
0.0145808571459999
0.267212845627
0.0600012495839999
0.0347815757099999
0.1602167205519999
0.065558997181
0.019902023702
0.062734672549
0.1791140265259999
0.0147667283929999
0.0683906561249999
0.023925759554
0.115299404332
0.649389138756
0.242074348538
0.026941786284
0.036853256029
0.043215248551
0.021409058287
0.5592993172430001
0.0419427640549999
0.012502258895
0.053649040543
0.013202947332
0.0207032049709999
0.021471022594
0.0479215017649999
0.087085966503
0.028676438158
0.0478778236189999
0.0136767324209999
0.011718122028
0.012922188025
0.018632005979
0.0681954273589999
0.08791827185
0.3224556529519999
0.2457265152519999
0.0768962445059999
0.0627841212699999
0.0576288827209999
0.0483614997729999
0.039070596073
0.1013602804369999
0.018089427823
0.039723780461
0.066708783548
0.0132571490789999
0.026234628043
0.0285949999839999
0.051353590263
0.0124442809089999
0.038621670221
0.319838734564
0.0125062853899999
0.04943063541
0.0089308891199999
0.0910653461489999
0.724407451584
0.873604563894
0.02349789018
0.135195371766
0.011724536846
0.0098378991819999
0.0103179920299999
0.036022406834
0.056574777257
0.1324056271839999
0.0166241881309999
0.0054961390009999
0.082058359518
0.011237478097
0.011899269242
0.0225229678839999
0.033788762381
0.0053688191359999
0.0215125768999999
0.009440740864
0.079123467404
0.0245645388199999
0.0128274147839999
0.011953303403
0.014545001856
0.0067740118439999
0.032021699741
0.0207913224789999
0.01982454544
0.073147355965
0.0896015691789999
0.029466213465
0.3638390241479999
0.0413839293879999
0.021275479643
0.0372857448479999
0.011513302009
0.0087422624099999
0.053462045464
0.029352046851
0.104407518533
0.035514473083
0.033589366132
0.0046879408819999
0.012213176504
0.173463785558
0.0593946173749999
0.0195450167339999
0.00620306229
0.030427419557
0.020433569281
0.029492028452
0.1222084057429999
0.2692566667989999
0.076819798979
0.024925544864
0.018536130805
0.143208931456
0.179971777858
0.009962425786
0.031645291667
0.055625605402
0.029190143359
0.043778225197
0.0581204690659999
0.0564230249199999
0.1193080861359999
0.0756470565689999
0.183760632332
0.1420028953609999
0.03789145535
0.0255884536549999
0.131636548561
0.01350406777
0.018171903974
0.029319642102
0.0162594068979999
0.0196801873959999
0.0551280348099999
0.0995629882059999
0.0937128640319999
0.026820715608
0.012441178721
0.021755784958
0.015332373777
0.017244556525
0.0154416983049999
0.199385142101
0.027777675507
0.03804359046
0.0142950847809999
0.13716681185
0.064659382529
0.019689129123
0.0271090848899999
0.002464915141
0.021248194595
0.0163451623879999
0.1150780751619999
0.0613864353009999
0.1091347525889999
0.0282211530579999
0.14247771982
0.0287765116999999
0.4514239422439999
0.0297526450339999
0.1484177129749999
0.026967515489
0.0180304162159999
0.011108489694
0.027911667899
0.201246757493
0.058662636622
0.012570478455
0.086342761075
0.201923608239
0.0275279052729999
0.0107755379049999
0.1442611350489999
0.237684263019
0.007570551698
0.0154243094039999
0.017020588121
0.044502176107
0.009834238187
0.1152219156299999
0.2637503753519999
0.1018040210849999
0.023671514738
0.0208722827039999
0.004353723557
0.011351479043
0.03277278351
0.041937707058
0.136689138935
0.1167066781579999
0.110992622577
0.0561320361449999
0.007329129838
0.0569608766189999
0.0519840889239999
0.0990748651759999
0.08010885403
0.0032430654699999
0.092213967694
0.123871562919
0.0182354063459999
0.025532434734
0.1602311611919999
0.035583513289
0.0195232278639999
0.016483917298
0.0361106701229999
0.016168247108
0.02105307536
0.0093036677169999
0.0336000054839999
0.0221472117109999
0.008417970957
0.028177266583
0.0178304599759999
0.0093263434439999
0.119890089737
0.0237135398409999
0.125999033076
0.243225730372
0.014931148368
0.050125003746
0.081414971247
0.0264926064449999
0.080274925475
0.1082321932169999
0.0127406816809999
0.0193417334159999
0.024574310444
0.007798612133
0.014565349131
0.030012328589
0.057174462265
0.016375837401
0.0455134192589999
0.03124030439
0.015680291084
0.015814187834
0.021900498709
0.022646898684
0.0271067789979999
0.0180019972689999
0.060576565865
0.081376491028
0.012832844126
0.022696153353
0.0229422324889999
0.0565825093309999
0.0182690168169999
0.020600155451
0.0343450701599999
0.088680310545
0.158186204202
0.0216045920249999
0.1411189976719999
0.2332943484199999
0.0890258647349999
0.0488151596589999
0.042794395403
0.0090776071939999
0.0119687801369999
0.029243839343
0.138675586715
0.109712754035
0.007272917741
0.0328476058969999
0.313047549444
0.2564377674229999
0.267087766929
0.0502905562919999
0.0400510471699999
0.079483609919
0.005777513904
0.0410379469799999
0.160710405369
0.017129620734
0.173226653199
0.024133617705
0.0919450317279999
0.0254543863509999
0.093831245724
0.0694072518739999
0.0744663365819999
0.103319132812
0.0731969205439999
0.0210378791609999
0.008835047632
0.0735231559229999
0.1054226440559999
0.021238990198
0.008835792774
0.0104103631099999
0.035362954236
0.064673863878
0.048018200125
0.105653947358
0.005624289231
0.035885223233
0.02304158176
0.0077768771849999
0.02946252524
0.07443283527
0.365716020012
0.238653081654
0.0140697733179999
0.016266729195
0.0053478491149999
0.074258969839
0.0304344761629999
0.0143974210049999
0.0298579120369999
0.058151565332
0.007801624658
0.014288189353
0.0063446208249999
0.0383929361999999
0.0120492284
0.017609045999
0.0100060601479999
0.0463667723289999
0.1013423325469999
0.086402853941
0.0879838601139999
0.309685201744
0.0116998566079999
0.009835221972
0.015258279354
0.0910409771929999
0.0461483808729999
0.0115760994929999
0.157212373205
0.0553305695019999
0.0474379546419999
0.032085910322
0.0199931661169999
0.005245637251
0.1206202179569999
0.04931606199
0.0292485456209999
0.088883223208
0.0507847792369999
0.0164076731569999
0.1934603398519999
0.300279465907
0.195263023077
0.012433804116
0.016377849022
0.0678443119389999
0.457290534314
0.0141891889909999
0.0944077646759999
0.039260039445
0.1222559915959999
0.028241203878
0.0260795982989999
0.0130922169039999
0.006740702957
0.0123541196959999
0.019041489086
0.13346312483
0.020611828483
0.055320828824
0.0221008229139999
0.0119956119959999
0.1021934985479999
0.0895651284849999
0.0715446963329999
0.170922518627
0.0812554277429999
0.0511369177899999
0.0102794420709999
0.029143054723
0.079888501887
0.160735919901
0.370233569653
0.012669188719
0.122937850912
0.0516489009439999
0.0585775991779999
0.06212571538
0.0275631699989999
0.0241609406289999
0.037747662086
0.04827335814
0.0969663609319999
0.0619891734569999
0.03452766212
0.0206589030129999
0.0061675157139999
0.0176673542709999
0.020599659689
0.024759905019
0.028148708582
0.010222888117
0.0877425965189999
0.0030174135289999
0.0157205216489999
0.0087841334289999
0.033961565873
0.1762316540389999
0.053658096657
0.018256566302
0.19651510765
0.0109217545269999
0.0174216409259999
0.0733517438749999
0.071735383177
0.502525409455
0.285484804149
0.0648589183029999
0.009838749883
0.020220038769
0.012361527659
0.0286371995319999
0.015925654161
0.108284199454
0.10506665093
0.0334949255309999
0.0523392759509999
0.011837857342
0.1124998446889999
0.362453832993
0.063997552452
0.0570838359059999
0.0362943259579999
0.037590977882
0.0628497320619999
0.068995201671
0.019908993368
0.024373397434
0.007982766764
0.0336921313839999
0.054274650755
0.015648993992
0.048733678954
0.098461230504
0.0251488747279999
0.04272137974
0.023805498109
0.0704641603269999
0.047798209752
0.0303443221179999
0.0290096900259999
0.015849094927
0.1114163176289999
0.2247253106829999
0.0045392186889999
0.0228464408959999
0.00440833467
0.012899001543
0.109935039822
0.023950008141
0.0349297541299999
0.192592174583
0.135916963648
0.396515358386
0.463006401231
0.0545686422919999
0.0372093142349999
0.0590333166359999
0.0287873724239999
0.1494179735599999
0.55332699972
0.0065415746429999
0.398556727376
0.139527099238
0.0207487487719999
0.028204804125
0.1011156160609999
0.012538468571
0.013969704926
0.010937268438
0.104166206642
0.2383192297449999
0.0260671472179999
0.063215899165
0.020829635416
0.0176374603819999
0.027859736626
0.1519434983809999
0.0370377451779999
0.0252430719499999
0.0188874785279999
0.036967351452
0.0076736844229999
0.015897924421
0.0092130319919999
0.394041138579
0.1663847771459999
0.025132732168
0.093391842901
0.004733992397
0.008247300529
0.4374482154719999
0.146116474774
0.0460756991859999
0.0948503420649999
0.059766722661
0.204379598635
0.0099834233579999
0.05240939952
0.0054640159319999
0.0090104563559999
0.0205133263879999
0.045135458033
0.060203923279
0.126701038711
0.0305278660429999
0.006030997641
0.056037579037
0.0112426255659999
0.049690409666
0.009328402283
0.040922340759
0.0744236846779999
0.0270761726479999
0.0079947565919999
0.035009528914
0.028149552889
0.027469859293
0.045580819801
0.14480687635
0.032983381098
0.010159012533
0.041365763036
0.027821851245
0.0138655666679999
0.0718371783889999
0.045894560682
0.1186912099039999
0.012428316216
0.0023427861289999
0.005841794048
0.0047344520809999
0.0084686312899999
0.008757059979
0.1123683719479999
0.053040591508
0.0045203098639999
0.017667626233
0.017184786914
0.0333908855869999
0.0504038154479999
0.036541181468
0.246820045816
0.0039355880079999
0.0083597389039999
0.002937971297
0.00690193532
0.008515961834
0.0212049602239999
0.0278999438289999
0.043682389591
0.0085438979759999
0.010928590521
0.0653681878299999
0.0309251681009999
