0.1402525946899999
0.039723780461
0.0287048894129999
0.01598350528
0.009440740864
0.009440740864
0.013819410174
0.01164473844
0.003429729497
0.0448771725219999
0.0406072216849999
0.0067889141239999
0.027829468985
0.0238300728829999
0.009768018955
0.003943145944
0.003943145944
0.0115875952499999
0.0426012664029999
0.03083406952
0.03083406952
0.014176050118
0.015285370162
0.3224556529519999
0.0576288827209999
0.063014771671
0.030458799473
0.0064553201979999
0.0139242169609999
0.012310030193
0.0200720664919999
0.0098378991819999
0.0110820147289999
0.005523427232
0.046069119305
0.0329285198009999
0.0322221760099999
0.0322221760099999
0.0215125768999999
0.0110102554959999
0.0051461512889999
0.024703815223
0.033033361385
0.026270328327
0.0243010772349999
0.029521615393
0.0226958362739999
0.0044554114239999
0.0148597143019999
0.001678357706
0.015807110126
0.018877843058
0.008243344212
0.0243356895359999
0.0352943920849999
0.012665009245
0.040656163791
0.006500511125
0.0024173819499999
0.014519872298
0.0241446855219999
0.0388107554719999
0.0348705295679999
0.0348705295679999
0.0288747175089999
0.024709998308
0.0192461922079999
0.011724860459
0.0567275602469999
0.0076559906399999
0.0087871886429999
0.0087871886429999
0.006873863783
0.0034239456379999
0.020889688335
0.0391452526879999
0.042689314084
0.069255898389
0.072057476952
0.2141342283499999
0.0077745686979999
0.0198943486799999
0.0202149806329999
0.0153193121329999
0.0470690406949999
0.017912690959
0.017912690959
0.0135970067839999
0.052873484497
0.0415968779099999
0.012376048697
0.012308909142
0.0455814449589999
0.085362147098
0.1054048579509999
0.021364211113
0.0237146627419999
0.014505876479
0.0064728337389999
0.0228804198919999
0.0718717264699999
0.0718717264699999
0.0135150353899999
0.016901119908
0.020119494069
0.0059962574309999
0.0182395512849999
0.084500909499
0.01038735536
0.0242632593249999
0.03822433289
0.112927670262
0.028569565619
0.030528360381
0.0102624124489999
0.1323435597459999
0.005165017
0.014444967299
0.017042887505
0.006104192144
0.011554742404
0.164959874236
0.164959874236
0.017811219022
0.014428214885
0.012205508173
0.020883019406
0.0144736507839999
0.006487189562
0.04200235884
0.0281308746609999
0.0228378449399999
0.0240870143189999
0.0117963124379999
0.037630253316
0.014303474561
0.0157740512299999
0.0232680023439999
0.121583012284
0.213189579567
0.009247417817
0.0376459527389999
0.260404658391
0.058259330452
0.058259330452
0.065468981062
0.011872356116
0.028735512045
0.0227278428099999
0.0139721119939999
0.066507386448
0.111730506029
0.0253582828609999
0.0048566538719999
0.009420784899
0.044574327074
0.0177107675219999
0.0145808571459999
0.008767324041
0.0304326776559999
0.0874941160979999
0.062734672549
0.062734672549
0.0416902630159999
0.043592116005
0.0650890866229999
0.0164772957779999
0.036853256029
0.0158549022649999
0.016955959978
0.0152039028489999
0.1124387977969999
0.014324213259
0.0195020260449999
0.1039645654869999
0.00702900929
0.033655453292
0.0065179203009999
0.0065179203009999
0.0114853677349999
0.0114853677349999
0.0114853677349999
0.0447587952769999
0.0423293389469999
0.0582010882789999
0.018632005979
0.3215346761259999
0.0593847391559999
0.08791827185
0.009162699068
0.019607561252
0.033589366132
0.0277075388759999
0.0195450167339999
0.030436198344
0.0146554253509999
0.025068618647
0.0077636680689999
0.015594773231
0.004949927264
0.066597552876
0.026820715608
0.012441178721
0.0355910420639999
0.01602822894
0.007065696424
0.0199547693079999
0.07948020006
0.012842673706
0.001845940734
0.0075558017579999
0.0329090976239999
0.0284893889409999
0.057971149184
0.002529593279
0.0302936606899999
0.0872151606979999
0.0147134148309999
0.015896975093
0.02317920462
0.025494930993
0.0107755379049999
0.0107755379049999
0.0594805223369999
0.011376899161
0.00570170011
0.008252987998
0.041937707058
0.037125131503
0.0099082177839999
0.0099082177839999
0.0210539221729999
0.0270646883909999
0.049235632979
0.009238377428
0.026967515489
0.007014903353
0.027911667899
0.0264992590839999
0.0159396845679999
0.081414971247
0.038072646071
0.0105111986729999
0.03124030439
0.03038175857
0.023622379545
0.008640915619
0.0068915476899999
0.0068915476899999
0.022646898684
0.0302771444299999
0.022696153353
0.0303990000899999
0.099550743401
0.145367304114
0.0850978544539999
0.092213967694
0.0100451036619999
0.027373344241
0.0190464804819999
0.008840473974
0.036947748371
0.02105307536
0.0064301824739999
0.0452401374709999
0.0198498460079999
0.011206234068
0.0044205787329999
0.007798612133
0.0464326892549999
0.035718324098
0.0445412945759999
0.0146713210419999
0.007320039756
0.0098119959639999
0.037459816773
0.0887769088509999
0.0887769088509999
0.0266501842599999
0.034312698492
0.071733068065
0.0149777176199999
0.038721785541
0.019410412965
0.0039739074589999
0.006314628392
0.006314628392
0.00421251138
0.0114765331959999
0.0376101625779999
0.0248724538019999
0.0502905562919999
0.030045631637
0.010180575039
0.0254543863509999
0.1005867336939999
0.016572354893
0.0268510496289999
0.005284224096
0.0684318905749999
0.0142041232309999
0.0354611444239999
0.0515949331289999
0.0049316544799999
0.0141891889909999
0.017591990015
0.005929963478
0.010132867799
0.023782079008
0.007396151651
0.0072010117869999
0.028973482206
0.0128714115029999
0.038199813258
0.0694242876699999
0.020971166006
0.074522713657
0.0066647518379999
0.03517473634
0.0061675157139999
0.0176673542709999
0.0131702594729999
0.0296488301949999
0.039984438294
0.0030174135289999
0.0323059857699999
0.04293985266
0.003184947317
0.008292027594
0.0130922169039999
0.0350304903339999
0.055320828824
0.055320828824
0.0029841153959999
0.036982579697
0.0167586586379999
0.0106733691649999
0.0322948497849999
0.1292258706429999
0.015207019004
0.0336921313839999
0.037180749557
0.01770168365
0.015648993992
0.051017677408
0.04272137974
0.0327392211639999
0.015415670621
0.0054310892079999
0.002159748373
0.00440833467
0.009838749883
0.012677439393
0.0197454911419999
0.020749780658
0.014065965224
0.0570838359059999
0.0621576207649999
0.1424157495219999
0.037650664859
0.007772086505
0.005542233259
0.025830092524
0.036020634304
0.0210144968219999
0.0210144968219999
0.1519434983809999
0.011798737576
0.0088289572259999
0.003978469303
0.015237185537
0.015237185537
0.0188874785279999
0.0753526649519999
0.0043548128499999
0.002952546964
0.0063275294619999
0.025524717763
0.025581696699
0.0141584722359999
0.0204124529089999
0.0190142253859999
0.0190142253859999
0.028204804125
0.028204804125
0.028204804125
0.0136712096909999
0.204379598635
0.067912217755
0.076637869638
0.0103958350639999
0.0099834233579999
0.0090104563559999
0.0080240038409999
0.0080240038409999
0.020786879264
0.0355948429419999
0.044352178507
0.0744236846779999
0.0141865820559999
0.14480687635
0.008247300529
0.007861206836
0.0161791726809999
0.0653681878299999
0.014304726631
0.017184786914
0.0157151893139999
0.0017643833999999
0.0017643833999999
0.182594267212
0.0163852949639999
0.0023427861289999
0.005116252791
0.008757059979
