0.036526326318
0.006578744897
0.017641361296
0.0029784808839999
0.021275479643
0.0087422624099999
0.004822956027
0.026566112628
0.0091162835079999
0.03405234707
0.005487028791
0.005666495619
0.0065830741069999
0.0060321006039999
0.009440740864
0.0103914086759999
0.013819410174
0.010851538326
0.040690041106
0.003429729497
0.006102253662
0.0533449297689999
0.0466289624989999
0.0083267814999999
0.007079160685
0.079776130273
0.014545001856
0.0115875952499999
0.0216182623649999
0.0552086389849999
0.0067740118439999
0.007781479903
0.01982454544
0.0360478141569999
0.0360478141569999
0.0620743231629999
0.024557278779
0.037263312816
0.0126405791839999
0.005286339704
0.0056083526539999
0.010213428794
0.011513302009
0.011513302009
0.012452963395
0.012452963395
0.0016866977999999
0.007753360789
0.007753360789
0.007753360789
0.0277429138189999
0.045707214279
0.015667040865
0.00919312625
0.0077274733679999
0.0277107577209999
0.0471918922199999
0.00958285953
0.018089427823
0.0061366914249999
0.0061366914249999
0.004289071926
0.0064553201979999
0.0132571490789999
0.0114376888739999
0.0114376888739999
0.0278343259609999
0.0285949999839999
0.01335724528
0.01335724528
0.011608570649
0.092193482702
0.0607959332999999
0.0139242169609999
0.013393767805
0.012310030193
0.012310030193
0.0317659798149999
0.006285725818
0.0289714014859999
0.0322845911839999
0.011762636613
0.0039967270259999
0.0039967270259999
0.04943063541
0.022452711932
0.0191883734379999
0.012049486325
0.0137717920319999
0.0137717920319999
0.0137717920319999
0.017063536029
0.0101733996249999
0.0061665766249999
0.0204367571539999
0.014851335993
0.135195371766
0.0630255325049999
0.011724536846
0.0098378991819999
0.008187962316
0.005523427232
0.004899426717
0.011237478097
0.011899269242
0.0329285198009999
0.0209980926699999
0.0166788482009999
0.0166788482009999
0.015634177381
0.002654089455
0.008475265885
0.040023720254
0.0076740558669999
0.0226958362739999
0.0087263692079999
0.010801876589
0.102097502461
0.0413053237699999
0.0225189532799999
0.0157971834619999
0.004280302404
0.004280302404
0.0186966063879999
0.0186966063879999
0.014684060836
0.013232060615
0.0091575396349999
0.0365969859529999
0.059084241855
0.039852891786
0.006008643562
0.0044844424929999
0.0044844424929999
0.004446765083
0.0091595448929999
0.0049406394419999
0.0090928503739999
0.004298072456
0.004298072456
0.083789120954
0.138848248463
0.0070944419109999
0.014652647164
0.0243356895359999
0.00903713234
0.013720067133
0.051428389671
0.009705579682
0.051997897682
0.051997897682
0.0032965357599999
0.0032965357599999
0.003715867692
0.014055557141
0.014055557141
0.051755787152
0.0267964511949999
0.0510264607129999
0.0442486806249999
0.015859717772
0.0096683700099999
0.034422168353
0.011778226953
0.034653799811
0.034653799811
0.0388107554719999
0.0119041229849999
0.0348705295679999
0.024709998308
0.068040608972
0.075447275087
0.075447275087
0.033100766426
0.010550156124
0.0097686626759999
0.026209165197
0.0376748488589999
0.0188516004069999
0.0294214402439999
0.0128821745149999
0.0049733059719999
0.002073298983
0.00298387026
0.0253798616129999
0.003725339257
0.003725339257
0.0113358729479999
0.023718478849
0.051607514739
0.0051164539879999
0.0039962773989999
0.018660169084
0.018584485034
0.0101122909759999
0.0217887873869999
0.0355636383849999
0.073615732227
0.0043724325449999
0.00194333808
0.016769031713
0.2141342283499999
0.003145661822
0.0077745686979999
0.010102742559
0.059078965534
0.0038790389839999
0.0105687516419999
0.0105687516419999
0.015023136161
0.0116501536049999
0.0062910299359999
0.018769218294
0.005279043727
0.005279043727
0.0130248634849999
0.0123226718069999
0.0066312522129999
0.094838269353
0.005272396343
0.012065423055
0.0167241977119999
0.0314646399279999
0.028368655635
0.029595068084
0.0176742193179999
0.0305353756299999
0.0305353756299999
0.069557893603
0.069557893603
0.0038041989989999
0.0038041989989999
0.039177722506
0.04763112939
0.0095422886349999
0.1572495574979999
0.0195528533819999
0.0192996085709999
0.010856049984
0.0199050496449999
0.0497157980219999
0.007578939414
0.021364211113
0.0208375299799999
0.014376666595
0.016989065118
0.03251858751
0.0239167922459999
0.086492374626
0.0044848074319999
0.0339676973029999
0.0367651116299999
0.0367651116299999
0.005678803753
0.055637648538
0.013423830923
0.0199805793359999
0.004693897821
0.010595338486
0.0102390406779999
0.0042715061539999
0.0110659295439999
0.012267733111
0.0221150258669999
0.065196338909
0.013812311081
0.0165065900859999
0.015472781908
0.022131720635
0.01038735536
0.043669181422
0.0337566750169999
0.0090471914749999
0.0188767147609999
0.005843674508
0.0176582614179999
0.032717216817
0.0080889619949999
0.0238455612389999
0.004282060825
0.0372553656049999
0.046716520804
0.046716520804
0.0410408198949999
0.1171416363639999
0.0030390787809999
0.01401277957
0.0747414570129999
0.0149991746209999
0.0149991746209999
0.013606416235
0.0596269501639999
0.0338169026539999
0.027271809046
0.00737475619
0.033344730056
0.0079751068619999
0.017811219022
0.036500106313
0.0087727905179999
0.017030779161
0.0134802641829999
0.045409539798
0.022291609845
0.015912538567
0.015912538567
0.02300855405
0.0124167682839999
0.022941186278
0.0345644182419999
0.0345644182419999
0.0279912104709999
0.0288614692459999
0.006487189562
0.053691066322
0.0152268064849999
0.0294512252199999
0.016054422299
0.016054422299
0.0088598998079999
0.0088598998079999
0.01995867746
0.060686788592
0.0121304665039999
0.0085161395199999
0.023308565416
0.0155051152189999
0.0190221523389999
0.0159918247939999
0.0116688188729999
0.0093112786279999
0.016920786281
0.0077561197869999
0.0091331970029999
0.0046261564789999
0.0149190497679999
0.016143561632
0.0332558132479999
0.0071973020559999
0.0057377114409999
0.0077613593969999
0.0144172136369999
0.0144172136369999
0.02270330961
0.011991312402
0.022215067209
0.016835970186
0.008957993124
0.009247417817
0.028871466382
0.0080433612
0.008845505694
0.008845505694
0.009997834004
0.010206839264
0.010206839264
0.0158627086429999
0.052744101838
0.052744101838
0.0197774829529999
0.0071353941299999
0.0225462862849999
0.028735512045
0.0785834152779999
0.0227278428099999
0.0227278428099999
0.0139721119939999
0.00974960377
0.015425619749
0.0334382938459999
0.009182394726
0.0587704991669999
0.046059358172
0.0524609411399999
0.014232814343
0.0113717363659999
0.00717233879
0.0237372325929999
0.0237372325929999
0.0695757345369999
0.0695757345369999
0.002547679595
0.002547679595
0.010115573695
0.0209872670009999
0.007989192361
0.0137017007659999
0.0137017007659999
0.022286625697
0.008547623557
0.010953626733
0.0024582205559999
0.006529430659
0.0239816784669999
0.014430757545
0.0239498901329999
0.0239498901329999
0.004867345354
0.009420784899
0.009420784899
0.009979496547
0.008767324041
0.020936641613
0.021459252641
0.0146214325919999
0.026461522369
0.024406256918
0.0416902630159999
0.0096312510799999
0.0096312510799999
0.016532871269
0.014154956579
0.039832565409
0.0054811495929999
0.021409058287
0.0113756529599999
0.012502258895
0.004419422185
0.004023297106
0.017038669889
0.0123255683609999
0.020696387459
0.086493768641
0.0479215017649999
0.028676438158
0.0582010882789999
0.0188161723769999
0.0188161723769999
0.0044712201759999
0.019607561252
0.0105570126139999
0.0068369133379999
0.0329377503569999
0.005163221138
0.005163221138
0.017717608475
0.035514473083
0.011281063358
0.006606226056
0.0875395685409999
0.020410175274
0.0090155062179999
0.0090155062179999
0.0182750009419999
0.0056507094829999
0.00816602827
0.001657048816
0.0020910974529999
0.0593946173749999
0.0593946173749999
0.030995011125
0.0335847028769999
0.00620306229
0.061126742716
0.015370816345
0.029492028452
0.0078675579429999
0.027273486992
0.0985206932109999
0.024925544864
0.0091922917179999
0.019699559976
0.0068865604579999
0.0063908916479999
0.0245140598009999
0.028110884046
0.0100483499019999
0.0100483499019999
0.007091814471
0.034643772236
0.055625605402
0.043778225197
0.028204115439
0.045017583778
0.0161152802359999
0.0161152802359999
0.0089275088019999
0.005126681009
0.010541910397
0.012842673706
0.0034328056979999
0.008175938909
0.008175938909
0.0937128640319999
0.0181572231159999
0.011580139595
0.0067095609389999
0.032707648759
0.046680040306
0.005333620001
0.0020235554949999
0.008913089123
0.009845408841
0.017244556525
0.010693796275
0.0154416983049999
0.024126376612
0.027777675507
0.03804359046
0.03804359046
0.012622642398
0.0142950847809999
0.002204768583
0.006239846583
0.017421782933
0.002464915141
0.0613864353009999
0.018245404851
0.0446190030919999
0.0282211530579999
0.0717219466449999
0.0287765116999999
0.076581245766
0.115154531429
0.115154531429
0.0117730851889999
0.041679588487
0.0275279052729999
0.038434722576
0.0123308046469999
0.0172851236119999
0.0242926663229999
0.1442611350489999
0.010738532664
0.009740688674
0.017020588121
0.028851848454
0.002694647591
0.1018040210849999
0.0160483735219999
0.0113424194279999
0.041937707058
0.022396624399
0.0200940775379999
0.0200940775379999
0.020757404301
0.0119434119079999
0.0018459806799999
0.026117494483
0.008043996715
0.0099082177839999
0.08010885403
0.0480534926179999
0.0210539221729999
0.0179785366129999
0.0050215002979999
0.0340300166039999
0.0062383891289999
0.0541986916929999
0.014319407336
0.032191824996
0.0109789116089999
0.0313205505829999
0.058662636622
0.0357395163599999
0.0860419838039999
0.0379585135029999
0.042295756857
0.0302866760629999
0.015214354939
0.015896000907
0.0295373523209999
0.0672292430909999
0.030012328589
0.0484267282529999
0.0043923606939999
0.031725633048
0.04165512365
0.0304689777619999
0.0455134192589999
0.024842031739
0.01458960058
0.02400378022
0.02400378022
0.023622379545
0.014166798554
0.022646898684
0.0158047253449999
0.007542651901
0.0302771444299999
0.045151864935
0.0113425490999999
0.0113425490999999
0.060576565865
0.012832844126
0.013521643377
0.0565825093309999
0.012458024534
0.004321098
0.030024542212
0.002782591485
0.011122477181
0.0404883596109999
0.012868313347
0.004188810102
0.0083688582619999
0.017763880595
0.092213967694
0.056282276979
0.026794392149
0.0100451036619999
0.0158652012059999
0.008643812816
0.027674762279
0.052183153088
0.031004708662
0.031004708662
0.03240019218
0.035583513289
0.0195232278639999
0.016483917298
0.0064301824739999
0.0339265959129999
0.0232085117339999
0.031604422538
0.0093263434439999
0.0518450392799999
0.0032445375849999
0.0193417334159999
0.004880753696
0.0246071363659999
0.0090223366299999
0.0082301362869999
0.107628288578
0.107628288578
0.024133617705
0.0919450317279999
0.0163540387549999
0.0530278725239999
0.0530278725239999
0.003369626672
0.0050001587269999
0.007510323792
0.082018172512
0.0241278058739999
0.008835792774
0.019484850335
0.035362954236
0.0302048215719999
0.072712230743
0.123146915796
0.0120285870009999
0.0031178679829999
0.014120918819
0.0696170778
0.010461152896
0.012430797181
0.007416516905
0.005558113639
0.012694204435
0.0308704774479999
0.0021134596999999
0.0045990750559999
0.0065986226619999
0.0115912030789999
0.0111813829129999
0.0126487964039999
0.0322133734039999
0.0224922092829999
0.0224922092829999
0.147491134752
0.0104885974539999
0.077520295527
0.0207584758419999
0.026166017429
0.0852451681179999
0.0744663365819999
0.005359948001
0.0084627112099999
0.006710673854
0.018242123266
0.03670547712
0.0069810485439999
0.0035153912209999
0.0092095297259999
0.0138339988479999
0.051295709862
0.118942086711
0.068219826032
0.0064814701969999
0.0063477337999999
0.1742508020159999
0.0553305695019999
0.032085910322
0.0134360312329999
0.0096200248969999
0.0188328038449999
0.016377849022
0.0038330503769999
0.0038330503769999
0.0620131533559999
0.042205704723
0.0053478491149999
0.0053478491149999
0.074258969839
0.057732042968
0.0167997826119999
0.011015520574
0.025644259015
0.0298579120369999
0.0492010038879999
0.058151565332
0.017591990015
0.017591990015
0.011167280973
0.005929963478
0.0294257641659999
0.0343100992549999
0.0056697389659999
0.0056697389659999
0.0048621406459999
0.0120492284
0.017609045999
0.011068746152
0.023446699107
0.007529600111
0.002526211593
0.021604192565
0.003285891625
0.026615406592
0.026615406592
0.034501635436
0.0106137137299999
0.0072010117869999
0.02417546945
0.0054294713889999
0.038199813258
0.042272919533
0.042577614714
0.042577614714
0.027184002748
0.030179417652
0.0027406877669999
0.0072664939219999
0.0596704647129999
0.0066647518379999
0.0072927555139999
0.0275631699989999
0.0322780425209999
0.0207055978339999
0.0300186435579999
0.0326175546629999
0.0176673542709999
0.0131702594729999
0.0215895627259999
0.053698257951
0.052313482835
0.0160685799469999
0.0077082354869999
0.0695350785299999
0.0090934036259999
0.0300930914679999
0.0083209045209999
0.0157205216489999
0.0024773543249999
0.0125387220039999
0.011812804397
0.010908588222
0.0260795982989999
0.0123541196959999
0.019041489086
0.016561995742
0.024515014184
0.016182369096
0.0029841153959999
0.0102794420709999
0.0233772123459999
0.0078716118239999
0.016928440378
0.022753082873
0.0305297269109999
0.029143054723
0.00595716796
0.0261299001129999
0.012669188719
0.0166334716039999
0.0173601272969999
0.031719301896
0.031719301896
0.0167367740499999
0.048733678954
0.0111240541029999
0.015849094927
0.0036857276299999
0.0088194455619999
0.0088194455619999
0.056476527183
0.0056024744899999
0.0117798263449999
0.0107916567689999
0.0107916567689999
0.0057176114079999
0.034135119474
0.020306020016
0.024373397434
0.007982766764
0.051017677408
0.023352083742
0.0134406613059999
0.0134406613059999
0.0045392186889999
0.0187228673099999
0.018035160628
0.018285780441
0.018285780441
0.002159748373
0.005403523869
0.0620986710319999
0.2195684349619999
0.0648589183029999
0.007645792663
0.0082928772389999
0.0082928772389999
0.022898895403
0.021499365228
0.020220038769
0.020220038769
0.015382172516
0.015382172516
0.006027309925
0.012092174071
0.10506665093
0.004331320155
0.0113621486399999
0.019606310327
0.0095119891129999
0.0095119891129999
0.0085307269059999
0.0334949255309999
0.0451212124609999
0.037650664859
0.007772086505
0.0079740805869999
0.006115520282
0.0311192750969999
0.00862273536
0.007955007493
0.012345438228
0.012345438228
0.0260671472179999
0.063215899165
0.020829635416
0.0062377952409999
0.006104776336
0.011596309353
0.0059404328169999
0.0088289572259999
0.0088289572259999
0.025480171085
0.008223989822
0.020984508253
0.011435134259
0.0076736844229999
0.0753526649519999
0.011585524722
0.027115519982
0.038943313435
0.007116807097
0.009486092699
0.0139025329059999
0.0065798388869999
0.037072540266
0.020435612936
0.0084386442249999
0.023649192207
0.023649192207
0.0590333166359999
0.045255064962
0.007455360682
0.049717948264
0.057686178414
0.002776468606
0.023706434191
0.0207487487719999
0.067912217755
0.1011288280909999
0.0948503420649999
0.059766722661
0.0350750929759999
0.020487685524
0.020487685524
0.05240939952
0.054967144988
0.029930370776
0.006030997641
0.056037579037
0.0042307855459999
0.022100552132
0.009328402283
0.013776019888
0.040922340759
0.0270761726479999
0.0270761726479999
0.0083474750049999
0.027469859293
0.0246238139059999
0.055077747029
0.018419168455
0.010159012533
0.041365763036
0.011012394701
0.004335873227
0.0089027047349999
0.0138655666679999
0.023095952903
0.0284617996489999
0.0111677953009999
0.063108737967
0.00961333835
0.0017643833999999
0.004381096994
0.000834219447
0.0017904423739999
0.0017904423739999
0.000436623892
