0.128958970307
0.1014972848809999
0.033607687723
0.138848248463
0.031866784073
0.082443898068
0.195121204936
0.26911880545
0.1043099412079999
0.056944674949
0.041783126249
0.0070944419109999
0.014652647164
0.0243356895359999
0.3403259678579999
0.00903713234
0.0256105729769999
0.0301039189059999
0.0072384169079999
0.013720067133
0.0191381431429999
0.009255852496
0.0063030057189999
0.0543176370479999
0.0444250723579999
0.051428389671
0.009705579682
0.0273953753529999
0.051997897682
0.0352943920849999
0.012665009245
0.0070887442379999
0.0172480893009999
0.051547169866
0.0125994059039999
0.040656163791
0.0389555422849999
0.044651476464
0.009204692874
0.0032965357599999
0.0079598611669999
0.012315304291
0.003715867692
0.0302100428739999
0.0777497820229999
0.014055557141
0.167381720378
0.0171065230339999
0.0153692976449999
0.0212641682819999
0.051755787152
0.248053884655
0.0166788482009999
0.091748346684
0.0051461512889999
0.030658529023
0.01312113637
0.078276698317
0.018682731814
0.2167388958239999
0.519035069624
0.015634177381
0.269334025936
0.024703815223
0.0178768844219999
0.020707683
0.002654089455
0.008475265885
0.055726101936
0.040023720254
0.061180449744
0.0602321258229999
0.033033361385
0.012823512305
0.0323722656129999
0.026270328327
0.064626862221
0.0051942722629999
0.004317255802
0.107427188081
0.1160389409259999
0.0371751136129999
0.0110419443929999
0.0243010772349999
0.0101448676659999
0.004887493688
0.0185265160199999
0.007123029719
0.047062307581
0.128383036656
0.0076740558669999
0.029521615393
0.032520906611
0.0589985815529999
0.0452454607779999
0.096247971085
0.019837344714
0.145903506601
0.036035554938
0.0226958362739999
0.0123650702449999
0.0200345911229999
0.0087263692079999
0.0755658600099999
0.0101579468019999
0.2608063401439999
0.11426614293
0.0314208542689999
0.370162530141
0.211294961787
0.284224811142
0.0763628372989999
0.0259602076389999
0.093225948879
0.048935001473
0.0088989488659999
0.7487105859909999
0.3700387889159999
0.010801876589
0.021265065551
0.043813927812
0.102097502461
0.0413053237699999
0.0225189532799999
0.015005375636
0.0157971834619999
0.0389851279399999
0.004280302404
0.0044554114239999
0.001082595528
0.0019172419049999
0.2792244919409999
0.1553409422339999
0.055071167642
0.0135520810129999
0.071869549862
0.0236008149869999
0.0494272233779999
0.019776520425
0.01943619347
0.008774440778
0.0186966063879999
0.0100261743559999
0.006529418038
0.0195699592879999
0.014684060836
0.0148597143019999
0.0285053355579999
0.0258449711299999
0.010237253967
0.001678357706
0.013232060615
0.0091575396349999
0.0050453890589999
0.0302558676299999
0.063840248139
0.002548924071
0.018685165508
0.019957596897
0.0692701821429999
0.0793227958479999
0.0291762224849999
0.0756040766379999
0.0259307876609999
0.0326482736559999
0.0209980926699999
0.052344914523
0.015807110126
0.027880650334
0.0808445325319999
0.1370042516149999
0.043252204234
0.007266474588
0.1447646974649999
0.0099508572199999
0.0178418143349999
0.046167199585
0.0203920331279999
0.018877843058
0.006266785521
0.0173162782369999
0.0407171596609999
0.008243344212
0.0365969859529999
0.013274429355
0.059084241855
0.0225357569949999
0.0076166144729999
0.004550553102
0.013357934068
0.039852891786
0.006008643562
0.0044844424929999
0.004446765083
0.0068999118389999
0.0257072623759999
0.0023250697529999
0.004664013685
0.0091595448929999
0.0049406394419999
0.0090928503739999
0.004298072456
0.001791711283
0.002715643356
0.0480240696189999
0.083789120954
0.082322759534
0.0492885003149999
0.0054787989769999
0.0867992854579999
0.131394507831
0.0869103925709999
0.044866284547
0.2141342283499999
0.128922263881
0.005844338986
0.005976517381
0.0241446855219999
0.012870918222
0.017096183021
0.003145661822
0.003154601283
0.0077745686979999
0.0293674823349999
0.031868871889
0.0154635015949999
0.015610242373
0.017024105088
0.014121650084
0.038881720522
0.0198943486799999
0.010102742559
0.0232556704209999
0.059078965534
0.013670870661
0.0038790389839999
0.0064812983409999
0.034422168353
0.0105687516419999
0.015023136161
0.0116501536049999
0.0062910299359999
0.018769218294
0.009169017488
0.005279043727
0.0130248634849999
0.0123226718069999
0.0066312522129999
0.011778226953
0.0104480794779999
0.0202149806329999
0.01573983531
0.085775833898
0.105094167042
0.025732266194
0.094838269353
0.0516892727729999
0.006197349718
0.005272396343
0.021099336502
0.012065423055
0.0167241977119999
0.0314646399279999
0.2174130707989999
0.033943741344
0.0671335054089999
0.09275284361
0.088804662657
0.0049466639659999
0.034653799811
0.0388107554719999
0.0119041229849999
0.024673419975
0.006500511125
0.0086267226009999
0.026859084698
0.0348705295679999
0.0288747175089999
0.0301102386229999
0.024709998308
0.068040608972
0.075447275087
0.033100766426
0.398168502594
0.0024173819499999
0.372649010428
0.0192461922079999
0.0033634334319999
0.0501797977219999
0.0731406778169999
0.1384786361959999
0.0914310281989999
0.1611486897249999
0.021431789887
0.018624922506
0.027882061949
0.010550156124
0.0793029421369999
0.130462065947
0.0025869388849999
0.011724860459
0.029646343884
0.0127842414879999
0.073054178396
0.0349440781719999
0.024596602064
0.0434120152529999
0.0097686626759999
0.0121508754289999
0.026209165197
0.0376748488589999
0.0567275602469999
0.0363027371809999
0.0188516004069999
0.0490032439359999
0.116767929265
0.0058372361349999
0.036747590685
0.0076559906399999
0.0201386788509999
0.1494208810349999
0.0668559034839999
0.0584339704699999
0.054460459575
0.0516353612359999
0.008445252663
0.012536530963
0.0294214402439999
0.0128821745149999
0.017097981483
0.0247511852409999
0.0049733059719999
0.002073298983
0.004491686608
0.05857853128
0.0145730441929999
0.114480814295
0.068672955106
0.0323642414129999
0.011979342363
0.018324294031
0.027582867191
0.010724135041
0.007825100793
0.051282455352
0.00298387026
0.0087871886429999
0.018640248374
0.019603726337
0.0493643437599999
0.106950239124
0.05228318969
0.004200468284
0.0253798616129999
0.0201181183219999
0.015221892889
0.006873863783
0.003725339257
0.01239515275
0.0113358729479999
0.0034239456379999
0.0020256611429999
0.023718478849
0.051607514739
0.014519872298
0.045988970683
0.0761620624259999
0.020889688335
0.0178614029439999
0.0051164539879999
0.0039962773989999
0.036658993449
0.038903722533
0.018660169084
0.0074919766769999
0.018584485034
0.0101122909759999
0.0185405900409999
0.0217887873869999
0.0344686417589999
0.0391452526879999
0.0267964511949999
0.0084762728289999
0.0141466673989999
0.112018830366
0.2727007250059999
0.296026151233
0.071976297498
0.1835435614289999
0.057038709028
0.1220285812429999
0.0183285733789999
0.0510264607129999
0.0355636383849999
0.025814052348
0.031578070702
0.040178566823
0.003868284854
0.0040956298959999
0.0040477961739999
0.013847909946
0.028371350366
0.1554250648149999
0.0442486806249999
0.030214190506
0.061752443031
0.182934131113
0.027361249592
0.0295195189119999
0.126664414885
0.073615732227
0.0043724325449999
0.015859717772
0.0044971250459999
0.030946519861
0.0122279098249999
0.008818503626
0.00194333808
0.0026088137299999
0.299079451794
0.0781505485779999
0.029554506354
0.0117283970989999
0.1387928287209999
0.1478555367789999
0.0217867747579999
0.0522093920449999
0.042689314084
0.069255898389
0.039628448394
0.016769031713
0.072057476952
0.0096683700099999
0.0594333594579999
0.0037160136299999
0.014505876479
0.0108018754269999
0.013423830923
0.0765738157099999
0.011239952263
0.0026127783379999
0.053880080128
0.0064728337389999
0.0251164152589999
0.006259371254
0.0228804198919999
0.0199805793359999
0.0133693726529999
0.0718717264699999
0.102904957391
0.0857590941679999
0.004693897821
0.0135150353899999
0.055609016151
0.018912664091
0.0067187958509999
0.016466957842
0.010595338486
0.0102390406779999
0.0042715061539999
0.0110659295439999
0.0395351623159999
0.024302513595
0.012267733111
0.00678443481
0.0221150258669999
0.0787213706399999
0.0134055305879999
0.016901119908
0.007997071059
0.006153163877
0.0562077770729999
0.065196338909
0.0162676339249999
0.013812311081
0.007970338166
0.0066381801979999
0.0165065900859999
0.020119494069
0.0197176196989999
0.0212191049469999
0.160305296655
0.069564863034
0.0427252067319999
0.0663751369549999
0.120759677224
0.0370943563919999
0.065871883392
0.311889294882
0.032068838025
0.0059962574309999
0.029595068084
0.0134821073749999
0.0070536694099999
0.0986416098269999
0.053321152074
0.0050707755179999
0.02453184353
0.055811006836
0.055532702017
0.0620634839849999
0.0452118221549999
0.069627696655
0.014066098312
0.0470690406949999
0.0150690811539999
0.00846916898
0.0280969748189999
0.0603985511379999
0.0176742193179999
0.0079787964999999
0.0039187338439999
0.0305353756299999
0.0153193121329999
0.0147308430789999
0.003023551699
0.0425173037589999
0.054881854671
0.019290224849
0.0351608503239999
0.0166689462079999
0.025825235069
0.0474881370469999
0.069557893603
0.009456303394
0.017912690959
0.003250713185
0.012053217132
0.0038041989989999
0.039177722506
0.038301581733
0.0094822995229999
0.0150597327039999
0.04763112939
0.0628778236779999
0.0215680831869999
0.0076078778739999
0.0095422886349999
0.153655593053
0.1572495574979999
0.0247353421079999
0.0195528533819999
0.028368655635
0.0268777941029999
0.004656782912
0.0192996085709999
0.0135970067839999
0.154493234202
0.010856049984
0.0713634222889999
0.058276980965
0.0348999018929999
0.0199050496449999
0.0302617161139999
0.024911069242
0.070268075074
0.1116894869679999
0.052873484497
0.0497157980219999
0.0270969922599999
0.0031855058649999
0.0334743241839999
0.0328676403069999
0.0415968779099999
0.012376048697
0.012308909142
0.0455814449589999
0.085362147098
0.168420398254
0.020902136898
0.1054048579509999
0.012865505383
0.007578939414
0.0361204686299999
0.030103979815
0.0433957395649999
0.0978664734769999
0.157868400438
0.0144683213809999
0.018589674932
0.0145674440959999
0.0084833478429999
0.021364211113
0.067362640029
0.0594394487899999
0.0431990937239999
0.0158833561929999
0.0358661943189999
0.0208375299799999
0.1237057814009999
0.031167698389
0.0225720480969999
0.0257991368019999
0.04632365804
0.038798250953
0.014296805403
0.006085963375
0.015108926457
0.008548472942
0.014376666595
0.073580484638
0.0419587545909999
0.015606159066
0.016989065118
0.03251858751
0.066770327389
0.057851732292
0.008669181572
0.035767678858
0.30044654534
0.040420473875
0.0184228760269999
0.0756467907919999
0.0303656319859999
0.026625294788
0.056339842675
0.1284492796259999
0.0357465445939999
0.002709157836
0.00201557098
0.029075206332
0.0267240755219999
0.016235235721
0.0239167922459999
0.086492374626
0.0216456672089999
0.036594735943
0.0237146627419999
0.0044848074319999
0.0339676973029999
0.0367651116299999
0.0047006990739999
0.0989743885199999
0.0379919833209999
0.005678803753
0.0112117925539999
0.0205765558839999
0.017935359554
0.043885035318
0.091609889043
0.076430878416
0.055637648538
0.0252894925379999
0.073851950607
0.0735337545269999
0.0182395512849999
0.043669181422
0.0242632593249999
0.0337566750169999
0.0634146395889999
0.0184079332519999
0.0282828813309999
0.043283171174
0.0142764138169999
0.0694498267459999
0.039497240386
0.083381920801
0.0090471914749999
0.019452281755
0.020211988086
0.0070724979609999
0.007112778469
0.01780883324
0.0671523418739999
0.0399033343679999
0.0202904679569999
0.0147162464429999
0.015472781908
0.0053680087459999
0.03822433289
0.0188767147609999
0.0044960348579999
0.012117094839
0.050686471723
0.006476173758
0.0037109299009999
0.005853009212
0.005843674508
0.048351348299
0.0058820774279999
0.0330739826929999
0.112927670262
0.028569565619
0.0176582614179999
0.071424127802
0.084500909499
0.032717216817
0.0123705254679999
0.006747919182
0.030528360381
0.0080889619949999
0.0102624124489999
0.0602495082649999
0.0809751322439999
0.1921542072009999
0.18673922444
0.0673812354909999
0.0237328125029999
0.055260680289
0.058808851961
0.1369260414799999
0.1323435597459999
0.005165017
0.0424786884569999
0.0362218341429999
0.1271176087669999
0.0174372492019999
0.0538615164569999
0.407227752138
0.169927589167
0.024328879483
0.082522313512
0.423670119523
0.0162965619789999
0.008517934748
0.0367206566519999
0.106705788438
0.0089468724829999
0.0435561449779999
0.0324478010509999
0.462836020011
0.5382811848619999
0.06900842351
0.132142454854
0.0147691146539999
0.1260884330989999
0.025927429526
0.047228757212
0.2481034504879999
0.1490338615199999
0.0238455612389999
0.0370223064729999
0.004282060825
0.0118960895849999
0.027576384344
0.0125284119699999
0.0133884251979999
0.0372553656049999
0.051281194338
0.007480645872
0.1861377916159999
0.046716520804
0.017388895564
0.0383601094319999
0.014444967299
0.011027550946
0.0198297535089999
0.0202041756469999
0.2163148177749999
0.0317732288559999
0.0683169827109999
0.0764904783469999
0.1803127615909999
0.042647539287
0.017630334125
0.055761162953
0.158283472071
0.002343231103
0.28156018493
0.167868177984
0.1089691005999999
0.062923351717
0.061233142539
0.2663584955179999
0.280825542376
0.508270866026
0.181121066425
0.097690322479
0.0465458611119999
0.180569944288
0.112129052643
0.0410408198949999
0.041642543516
0.029430615445
0.0371146077949999
0.025825077306
0.0273214825059999
0.009032647986
0.022131720635
0.017053763889
0.1171416363639999
0.2386786415149999
0.1271634465609999
0.005196513757
0.005543854426
0.0030390787809999
0.017042887505
0.014442004091
0.006104192144
0.01038735536
0.011554742404
0.071995304153
0.079277589563
0.050094484613
0.0996013209739999
0.0600256395589999
0.0387141079039999
0.025036557864
0.0261560824319999
0.040582056373
0.025207689418
0.0343134818589999
0.01401277957
0.0747414570129999
0.164959874236
0.1086988123619999
0.03426734159
0.0167404950059999
0.037516658388
0.0284761927309999
0.0314882252729999
0.011129578979
0.0596269501639999
0.0338169026539999
0.2468665412389999
0.027271809046
0.0095493210299999
0.005718094918
0.035978733815
0.00737475619
0.0090650995879999
0.0069950562749999
0.0096495351619999
0.0030350494359999
0.033344730056
0.0795022749029999
0.0079751068619999
0.0079279217719999
0.012058365701
0.1411502797229999
0.459912206181
0.37107414848
0.0579421009299999
0.1444212328399999
0.0780869267149999
0.0292867945779999
0.2101737132859999
0.001929034941
0.0113353774959999
0.2362152974469999
0.433239463293
0.316957977315
0.017302646158
0.008516079308
0.056825850278
0.017811219022
0.014428214885
0.0149991746209999
0.017375127459
0.012205508173
0.036500106313
0.020883019406
0.0215777934619999
0.0124721436639999
0.004654007338
0.0087727905179999
0.018425468863
0.0144736507839999
0.013606416235
0.017030779161
0.0326170921159999
0.0134802641829999
0.0045860695049999
0.045409539798
0.048698302744
0.009537043832
0.0215649149879999
0.0093531560339999
0.022291609845
0.009105806435
0.015912538567
0.02300855405
0.044213869636
0.0124167682839999
0.1020303011769999
0.022941186278
0.0376951978809999
0.0345644182419999
0.024345724651
0.0398636036609999
0.0415569644809999
0.012892393466
0.0279912104709999
0.0288614692459999
0.0206767252259999
0.006487189562
0.053691066322
0.0152268064849999
0.0294512252199999
0.007169280372
0.005928123647
0.011929409884
0.010302366491
0.003477694062
0.007943351519
0.04200235884
0.016054422299
0.0191345973959999
0.0088598998079999
0.01995867746
0.033619340597
0.013003887394
0.0063664243359999
0.015306038013
0.0105733814659999
0.0166258229069999
0.012640452013
0.104763946911
0.0455883282839999
0.02326376633
0.019280630859
0.060686788592
0.0385964290429999
0.0439300537419999
0.0283404584009999
0.0583631892749999
0.083967793505
0.044542913698
0.1016768853199999
0.319575878504
0.615931045244
0.375171979565
0.229882837024
0.0683828353969999
0.0639841452249999
0.05340427243
0.0255372440379999
0.0121304665039999
0.084524463748
0.0085161395199999
0.007677270057
0.042279041271
0.0623722946479999
0.0330745351979999
0.023308565416
0.0160450424639999
0.033463869619
0.041965390702
0.043975063554
0.0155051152189999
0.0108109782669999
0.0281308746609999
0.0159823566479999
0.0844215853219999
0.218248892777
0.0743606482049999
0.0329013369059999
0.0034700319539999
0.0190221523389999
0.036714275701
0.0049798615909999
0.0057555992569999
0.0209062928869999
0.0228378449399999
0.0070653330959999
0.145254571608
0.014371151405
0.10292285045
0.00438531622
0.0145857639199999
0.0092895724499999
0.0124410250449999
0.0159918247939999
0.0116688188729999
0.0101979572939999
0.0093112786279999
0.02573669275
0.0649330499889999
0.0079211691289999
0.0117963124379999
0.016920786281
0.008901684894
0.013333924761
0.051240580645
0.037630253316
0.0467637585769999
0.1757272074839999
0.014303474561
0.027292119504
0.015582595553
0.022963559526
0.004388912111
0.021994726685
0.263510841676
0.005097853511
0.020446693402
0.032816713992
0.0077561197869999
0.009897221141
0.0147508410709999
0.025356119425
0.0132964195389999
0.00756471419
0.012618818539
0.02906018852
0.018585866446
0.0091331970029999
0.016447873699
0.086558009444
0.026536199252
0.290602422746
0.0046261564789999
0.017053537818
0.0149190497679999
0.016143561632
0.0332558132479999
0.012918540542
0.0231915999239999
0.149188242634
0.014625267481
0.044115155685
0.024211055264
0.0071973020559999
0.0129997118629999
0.0099409846589999
0.0057377114409999
0.0095072107979999
0.0250975585839999
0.059204415525
0.0240870143189999
0.0077613593969999
0.0144172136369999
0.0734606702169999
0.055135712461
0.1495786181449999
0.038212422127
0.0105176377819999
0.02270330961
0.0157740512299999
0.024254015882
0.0471435846019999
0.011991312402
0.0188091486179999
0.019035827148
0.107626646353
0.0549796405589999
0.015695792687
0.022215067209
0.0085041419629999
0.060442369823
0.040504779574
0.016379819314
0.012428917331
0.016835970186
0.015920473248
0.002555494233
0.0232680023439999
0.021572514036
0.121583012284
0.213189579567
0.01178320836
0.008957993124
0.009247417817
0.028871466382
0.08231754018
0.119140747806
0.049187305952
0.0457100805079999
0.015474554102
0.0080433612
0.021890618842
0.0184765722549999
0.020839032873
0.0226184866099999
0.029037388129
0.0247075125889999
0.019732159501
0.025273218438
0.013820991216
0.1953274069789999
0.0609160136569999
0.404170659915
0.082486266676
0.012000458392
0.008845505694
0.009997834004
0.014735628885
0.008865351433
0.010599983972
0.010206839264
0.034910446955
0.008338022611
0.052744101838
0.045522379743
0.265532635316
0.0197774829529999
0.260404658391
0.0071353941299999
0.003590771343
0.0092336078379999
0.086050176459
0.0026633939629999
0.0028273517419999
0.058259330452
0.024476587104
0.03402975435
0.0191332658899999
0.0182091518529999
0.0676988269549999
0.031531716843
0.0376459527389999
0.065468981062
0.349803428218
0.0139966557799999
0.0200964884409999
0.011872356116
0.0225462862849999
0.017460143842
0.018993721184
0.0265576677859999
0.0155075596499999
0.073475838281
0.0251345439419999
0.021842047768
0.010037415464
0.0908286135039999
0.126438406858
0.005117832888
0.040149360702
0.0770816910589999
0.010311088964
0.0272371350269999
0.028735512045
0.0785834152779999
0.044665082395
0.1681841897529999
0.0235623215369999
0.065736799589
0.281688809963
0.071441017393
0.119349682418
0.0228040696569999
0.1631227162549999
0.0172914284089999
0.0062499703849999
0.066737642702
0.328363810497
0.045113249201
0.1273948126899999
0.017157791216
0.0059119300829999
0.0112829412139999
0.0227278428099999
0.0139721119939999
0.0233000105399999
0.00974960377
0.0460220888329999
0.054869277314
0.066507386448
0.020720681292
0.053179051254
0.015425619749
0.012487322763
0.0334382938459999
0.0156556637289999
0.1019384936099999
0.049586198729
0.009182394726
0.115626979282
0.0587704991669999
0.046059358172
0.081112551491
0.014468020638
0.0098023764539999
0.015093490191
0.111730506029
0.0524609411399999
0.025828030319
0.079687501299
0.0391457224269999
0.0253582828609999
0.042287118684
0.077407130224
0.0080179908199999
0.0048566538719999
0.014232814343
0.0113717363659999
0.0602617609019999
0.329769305029
0.0902649826179999
0.039718204868
0.129953651822
0.0158627086429999
0.007259519023
0.00717233879
0.013166805838
0.025250129627
0.027706439306
0.0270568451599999
0.015457617924
0.0101929587029999
0.031105168821
0.106784768567
0.0999558960249999
0.0716138176759999
0.0272545529509999
0.0029435982929999
0.021426797547
0.0326224597819999
0.019882798501
0.0120654109469999
0.1310754921029999
0.0221878820959999
0.031245855208
0.011253736225
0.0173950167949999
0.0180279085919999
0.0142754833829999
0.002547679595
0.010115573695
0.0209872670009999
0.0254924365669999
0.009344502332
0.0163841870219999
0.0629612562389999
0.0874988961789999
0.144204097612
0.031528393701
0.1469737675019999
0.100072604263
0.0258704902849999
0.007989192361
0.0137017007659999
0.007202314518
0.0846188542629999
0.0316058062949999
0.21301173095
0.0130620717049999
0.008903766318
0.0032703778339999
0.005851306267
0.035400848575
0.1506354892429999
0.021360935814
0.1567566444729999
0.1104011339349999
0.070021317423
0.013884703716
0.011807747364
0.008057424073
0.022286625697
0.0180685979019999
0.008547623557
0.010953626733
0.0024582205559999
0.0053405878229999
0.0058472509639999
0.0363165517079999
0.0118051420379999
0.1484625048779999
0.0074899750369999
0.006529430659
0.0239816784669999
0.041810588101
0.0524677100729999
0.038626017708
0.014430757545
0.007188858255
0.013329041178
0.0263899066549999
0.0239498901329999
0.015689117084
0.0237372325929999
0.004867345354
0.022385157872
0.009420784899
0.0104852642589999
0.009979496547
0.0135928859889999
0.067357413077
0.047883028826
0.007524675044
0.044574327074
0.01175492869
0.0128469861429999
0.0177107675219999
0.010061579427
0.0065952623999999
0.0072335527679999
0.013354650632
0.0123251594259999
0.0695757345369999
0.0145808571459999
0.021459252641
0.0146214325919999
0.018292134483
0.034263846424
0.069859067567
0.267212845627
0.0600012495839999
0.0347815757099999
0.0268171347579999
0.0221013805209999
0.008767324041
0.036409790808
0.026461522369
0.036340896661
0.024406256918
0.019436587674
0.0113033735249999
0.0351875390429999
0.070984339917
0.0304326776559999
0.0545537470939999
0.063889104728
0.007117342934
0.0302199643839999
0.1602167205519999
0.065558997181
0.019902023702
0.027500692869
0.0874941160979999
0.0249644528629999
0.0809779082589999
0.0175721715569999
0.031658530168
0.067835877468
0.0304846195429999
0.018069736056
0.062734672549
0.0416902630159999
0.0091718993249999
0.015113400342
0.0955190147
0.1791140265259999
0.052810517956
0.0693229412939999
0.1234379638589999
0.0404159060819999
0.044955218947
0.037077084771
0.019608756053
0.0147667283929999
0.0683906561249999
0.133661772664
0.012048775265
0.023925759554
0.115299404332
0.0262465972319999
0.0082519424279999
0.0096312510799999
0.016532871269
0.014154956579
0.0034598932149999
0.0250099834529999
0.0125586383779999
0.0216552325369999
0.029528933552
0.0059314256469999
0.0207228610199999
0.649389138756
0.608819685341
0.242074348538
0.043944317381
0.039832565409
0.043592116005
0.0650890866229999
0.0326585350889999
0.0054811495929999
0.047647309558
0.0164772957779999
0.050603975462
0.020516340085
0.026941786284
0.036853256029
0.020647251785
0.043215248551
0.021409058287
0.0043040891109999
0.0158549022649999
0.0063761605159999
0.016955959978
0.0612582546259999
0.0152039028489999
0.027359595781
0.5592993172430001
0.487680741261
0.079335817336
0.105106001587
0.054203746697
0.059868193114
0.114859409126
0.018332692942
0.210876989801
0.0305540568509999
0.01188206297
0.004798453542
0.007070128332
0.047417356197
0.0059270582699999
0.0419427640549999
0.0113756529599999
0.034491468478
0.012502258895
0.053649040543
0.1124387977969999
0.1415329194229999
0.004419422185
0.0399330669449999
0.0235527041649999
0.013202947332
0.0154742078499999
0.0207032049709999
0.020936641613
0.014477337069
0.031183663956
0.0101972960199999
0.052302200164
0.020696387459
0.0195020260449999
0.0403149154659999
0.1039645654869999
0.003450596619
0.00702900929
0.0064287737989999
0.004744910867
0.009931051121
0.0136974544019999
0.0120437684219999
0.033655453292
0.021471022594
0.0065179203009999
0.016015424923
0.003642373603
0.007855432799
0.0114853677349999
0.0519211499299999
0.059129747884
0.010860402848
0.0596892885659999
0.133280618772
0.0237337888559999
0.086657831352
0.086493768641
0.0261056890369999
0.0318975715999999
0.0123890846149999
0.0479215017649999
0.087085966503
0.020802867597
0.0447587952769999
0.0065220018049999
0.012831463127
0.0423293389469999
0.0580416455419999
0.028676438158
0.0478778236189999
0.037815056808
0.0582010882789999
0.004023297106
0.0275925617059999
0.0136767324209999
0.011718122028
0.012922188025
0.019517082927
0.018632005979
0.014324213259
0.029461937551
0.008649398891
0.0277062182249999
0.005597644247
0.0046321924169999
0.0121891781309999
0.0188161723769999
0.007441778994
0.0681954273589999
0.3215346761259999
0.02432165708
0.0328984526429999
0.1031067548449999
0.017038669889
0.03751631982
0.028656404001
0.0593847391559999
0.08791827185
0.017029738097
0.0208114514689999
0.0123255683609999
0.0964403257789999
0.068496138034
0.063483519549
0.082932902107
0.3224556529519999
0.2457265152519999
0.0211779453439999
0.036526326318
0.0768962445059999
0.0429622182869999
0.00919312625
0.0627841212699999
0.009559187702
0.019231822608
0.0171137189479999
0.0077274733679999
0.0576288827209999
0.0277107577209999
0.0471918922199999
0.0483614997729999
0.039070596073
0.00958285953
0.0072941464769999
0.104831656481
0.1013602804369999
0.026566112628
0.010064494619
0.018089427823
0.1402525946899999
0.013237073805
0.063014771671
0.030458799473
0.0061366914249999
0.00392699354
0.004289071926
0.039723780461
0.0064553201979999
0.008862527231
0.016506031939
0.066708783548
0.0132571490789999
0.0114376888739999
0.00967973995
0.0091162835079999
0.0278343259609999
0.026234628043
0.0285949999839999
0.073897787924
0.051353590263
0.007412272157
0.01335724528
0.011608570649
0.170890100176
0.092193482702
0.0607959332999999
0.023681808373
0.0168470179549999
0.0139242169609999
0.0124442809089999
0.0120070042019999
0.021986161864
0.013393767805
0.012310030193
0.00964878256
0.0317659798149999
0.029448034143
0.038621670221
0.006285725818
0.023833509993
0.319838734564
0.0125062853899999
0.0289714014859999
0.0322845911839999
0.010470879626
0.011762636613
0.006688261601
0.0026127800109999
0.007993922226
0.008005543446
0.006578744897
0.0830295670909999
0.0200720664919999
0.0314916859299999
0.0039967270259999
0.0113837259719999
0.0298687102039999
0.0407826593679999
0.04943063541
0.0089308891199999
0.022452711932
0.0216322949839999
0.03405234707
0.0910653461489999
0.2159102772819999
0.408821477447
0.0884187004619999
0.0302001893579999
0.094612661335
0.019613148321
0.140414296821
0.027169385917
0.0114673064579999
0.0287048894129999
0.0191883734379999
0.1226791429229999
0.724407451584
0.873604563894
0.3791524528859999
0.1531509734899999
0.0130268899259999
0.02349789018
0.0770426613489999
0.008751055257
0.043884202028
0.0081667497459999
0.012049486325
0.028658111047
0.0137717920319999
0.017063536029
0.0420358682999999
0.0101733996249999
0.0031653121089999
0.0101624677599999
0.0436373062749999
0.0141980766849999
0.0077600072589999
0.0061665766249999
0.006997423051
0.0204367571539999
0.014851335993
0.005487028791
0.042331155794
0.135195371766
0.0099131962199999
0.01066154047
0.0100858687229999
0.0630255325049999
0.011724536846
0.0098378991819999
0.0080532194989999
0.0250414475169999
0.0283930204629999
0.008187962316
0.074933940801
0.0110820147289999
0.09659080761
0.0103179920299999
0.036022406834
0.056574777257
0.018308751006
0.1324056271839999
0.1149451068719999
0.012581347909
0.017131438779
0.009349666128
0.0166241881309999
0.005523427232
0.004899426717
0.0105220754139999
0.0054961390009999
0.082058359518
0.011237478097
0.0348542102969999
0.011899269242
0.005666495619
0.0108712816949999
0.046069119305
0.032039664392
0.008273916925
0.052119547199
0.015759096724
0.0225229678839999
0.033788762381
0.0329285198009999
0.0081478458349999
0.015877001035
0.009797109018
0.0322221760099999
0.0197508350189999
0.008448112107
0.026497636163
0.066686686885
0.1150448813019999
0.0609301628799999
0.0996162912389999
0.029855436876
0.0053688191359999
0.015193770916
0.023104705614
0.016808132916
0.0090407695849999
0.0720108818779999
0.0215125768999999
0.0247241912269999
0.0110102554959999
0.012192216872
0.1042195377269999
0.0604110717279999
0.020221301193
0.0622071215759999
0.026612370092
0.0065830741069999
0.01598350528
0.006289384134
0.0060321006039999
0.009440740864
0.079123467404
0.0103914086759999
0.048435345728
0.192662189319
0.013819410174
0.010851538326
0.0170154673789999
0.01164473844
0.040690041106
0.00859523906
0.005477028072
0.003429729497
0.057158409703
0.0246278398599999
0.006102253662
0.0533449297689999
0.0448771725219999
0.029277264042
0.0466289624989999
0.0075669730159999
0.031129813046
0.0533266986279999
0.0073812740969999
0.0245645388199999
0.0406072216849999
0.0034320456669999
0.0083267814999999
0.0067889141239999
0.0055014082859999
0.027829468985
0.0238300728829999
0.0745192142889999
0.057197636695
0.0100779716079999
0.007079160685
0.009768018955
0.1622833122889999
0.079776130273
0.0128274147839999
0.015182238418
0.011953303403
0.017641361296
0.014545001856
0.003943145944
0.0115875952499999
0.0407807836889999
0.086464141806
0.0216182623649999
0.0733067421919999
0.0223797121009999
0.0552086389849999
0.0067740118439999
0.0071003024229999
0.0426012664029999
0.007781479903
0.101771036408
0.014476525982
0.032021699741
0.0207913224789999
0.01982454544
0.009404999737
0.0122948456129999
0.013803500243
0.0029784808839999
0.0360478141569999
0.0620743231629999
0.024306849069
0.024557278779
0.037263312816
0.0198528719449999
0.013679558313
0.0271195964029999
0.073147355965
0.0896015691789999
0.029466213465
0.0073983218109999
0.009817214832
0.0126405791839999
0.069342127797
0.0525350488839999
0.0837755398049999
0.3638390241479999
0.0413839293879999
0.021275479643
0.005286339704
0.073971410006
0.233124104484
0.0243652268409999
0.007081144512
0.010083867354
0.0056083526539999
0.0521025999759999
0.0392507823779999
0.106457542337
0.0372857448479999
0.077108020147
0.073494054107
0.0551691903759999
0.064386299293
0.0682036723619999
0.03083406952
0.010213428794
0.0149988365309999
0.013938705311
0.0672145037029999
0.0535458708649999
0.011513302009
0.010413092895
0.014176050118
0.012452963395
0.0029704417179999
0.0087422624099999
0.0340581191979999
0.0157273905229999
0.0043732008879999
0.008769340759
0.0313319782059999
0.015285370162
0.00336287694
0.0016866977999999
0.007753360789
0.0729116022589999
0.004822956027
0.254855643816
0.012268080621
0.0096125548359999
0.053462045464
0.0277429138189999
0.014939823986
0.029352046851
0.0144753247079999
0.045707214279
0.015667040865
0.0068087426509999
0.025384038344
0.0044712201759999
0.017717608475
0.0375589281879999
0.00732162418
0.07699238364
0.064630858588
0.1011541765629999
0.0939437821849999
0.0800337801099999
0.17185317926
0.0728285237729999
0.009162699068
0.104407518533
0.035514473083
0.011281063358
0.006606226056
0.0875395685409999
0.033589366132
0.020410175274
0.0090155062179999
0.004548923469
0.007509249428
0.0017627570339999
0.0046879408819999
0.0182750009419999
0.0277075388759999
0.041121958424
0.056598056013
0.064516450795
0.019607561252
0.0056507094829999
0.0290741516929999
0.048882085617
0.009950255607
0.00816602827
0.001657048816
0.0020910974529999
0.012213176504
0.012056336747
0.003433770184
0.0079283383389999
0.0245891081169999
0.0521971209179999
0.115277366453
0.173463785558
0.0593946173749999
0.030995011125
0.0335847028769999
0.0293409304949999
0.0105570126139999
0.007384366356
0.0195450167339999
0.00620306229
0.030427419557
0.061126742716
0.015370816345
0.0058107481489999
0.009959872175
0.020433569281
0.029492028452
0.0116635624069999
0.1222084057429999
0.0050813046769999
0.030436198344
0.0078675579429999
0.0146554253509999
0.023926099827
0.027273486992
0.2692566667989999
0.076819798979
0.0985206932109999
0.0081428717389999
0.0080895568809999
0.110996046327
0.2881252358239999
0.05682249232
0.024925544864
0.003742541391
0.0068369133379999
0.0206804753489999
0.031162453875
0.1102359676099999
0.017408207776
0.0261508727799999
0.051437810837
0.080256875788
0.0091922917179999
0.016584359711
0.0084764062759999
0.0845214004509999
0.0090260299069999
0.018536130805
0.0329377503569999
0.004574714957
0.005163221138
0.0164655409099999
0.1017425563999999
0.143208931456
0.179971777858
0.0069456907899999
0.0077636680689999
0.0096280707589999
0.0117008343819999
0.030535371441
0.016118202396
0.0525773919349999
0.019699559976
0.0924328415949999
0.004103136214
0.049260920267
0.105713461636
0.0258822519839999
0.0068865604579999
0.0063908916479999
0.0245140598009999
0.028110884046
0.0167948888
0.0100483499019999
0.0349571774179999
0.0045961722149999
0.007091814471
0.0183538299779999
0.0097712696639999
0.034643772236
0.015594773231
0.009962425786
0.031645291667
0.0123736643599999
0.0321482908669999
0.0465468122759999
0.008421403096
0.048625094684
0.055625605402
0.029190143359
0.004949927264
0.0105066523179999
0.0198156062819999
0.043778225197
0.0581204690659999
0.0280662337649999
0.028204115439
0.025068618647
0.0170368255399999
0.0564230249199999
0.1193080861359999
0.12389905254
0.155177028776
0.064121243746
0.0756470565689999
0.183760632332
0.1420028953609999
0.03789145535
0.0255884536549999
0.0751905063479999
0.045017583778
0.0161152802359999
0.0355910420639999
0.0089275088019999
0.009275707713
0.005126681009
0.010541910397
0.01602822894
0.007065696424
0.108128869875
0.0199547693079999
0.131636548561
0.01812210534
0.07948020006
0.1369937152539999
0.01350406777
0.005447424168
0.018171903974
0.029319642102
0.012842673706
0.0133044884499999
0.0295100645689999
0.0162594068979999
0.0034328056979999
0.008175938909
0.0145967541139999
0.009299640187
0.0092815386739999
0.0148010111099999
0.0263439620369999
0.0540579681599999
0.0098029253829999
0.0196801873959999
0.0551280348099999
0.0995629882059999
0.0937128640319999
0.0181572231159999
0.011580139595
0.020681178593
0.135849462186
0.134150269508
0.001845940734
0.016190367429
0.066597552876
0.026820715608
0.012441178721
0.0054367476859999
0.009078939718
0.011993033466
0.0117730851889999
0.021416306716
0.041679588487
0.045960117658
0.0126863081379999
0.051280410016
0.0210387935189999
0.0592720226999999
0.032707648759
0.0222280101549999
0.046680040306
0.0119208546829999
0.070604600763
0.0309962677709999
0.018345230014
0.005333620001
0.0020235554949999
0.027575615719
0.0089245493749999
0.0064560228309999
0.1042608188939999
0.0585595210199999
0.027521791749
0.124314963103
0.008913089123
0.007773371087
0.009845408841
0.0076722654309999
0.0820117219749999
0.081795945268
0.587348150428
0.788576021813
0.021755784958
0.0168902637679999
0.0315594853909999
0.0198273150919999
0.0089014504329999
0.015332373777
0.01011088228
0.0171237586429999
0.038053195037
0.0230294874199999
0.017244556525
0.010693796275
0.0042929882829999
0.0154416983049999
0.024839009829
0.0437702907729999
0.034562405113
0.018105996991
0.0329090976239999
0.1381918044119999
0.366696657281
0.199385142101
0.0826306733439999
0.024126376612
0.066144183099
0.049301970041
0.0478444234739999
0.027777675507
0.03804359046
0.0198153689129999
0.0234374022869999
0.0284893889409999
0.1326157915219999
0.0175285038629999
0.0851404104059999
0.0055430462919999
0.009469117631
0.012622642398
0.039895394083
0.0142950847809999
0.002204768583
0.005256875157
0.006239846583
0.05972003503
0.017421782933
0.13716681185
0.020058504751
0.0041340190899999
0.0055938475
0.064659382529
0.0156916887319999
0.127064180338
0.188056112834
0.3827740091329999
0.062630469231
0.222732324792
0.0684856114949999
0.027315632389
0.057971149184
0.1237968839409999
0.0206002161049999
0.004405555871
0.036268389791
0.1929449625489999
0.006474664745
0.140601607094
0.038945584432
0.050275611038
0.051512924971
0.0561408853949999
0.0228562294849999
0.002190046926
0.002529593279
0.0109502967519999
0.0073809532869999
0.020975070063
0.019689129123
0.034719255678
0.0302936606899999
0.0271090848899999
0.009603659873
0.002464915141
0.021248194595
0.0163451623879999
0.1150780751619999
0.0584482345029999
0.0613864353009999
0.009952707705
0.1091347525889999
0.018245404851
0.072744430846
0.0446190030919999
0.0282211530579999
0.14247771982
0.009417349763
0.0717219466449999
0.0345066349999999
0.045087332282
0.0287765116999999
0.020961693393
0.0510747426069999
0.01243162339
0.4514239422439999
0.108649632776
0.042132209371
0.014587432852
0.0722180705539999
0.063690223668
0.036253620726
0.0297526450339999
0.055366808182
0.167987990203
0.157388348628
0.0426190883989999
0.2492084154279999
0.187441845358
0.0075558017579999
0.068861854983
0.0872151606979999
0.0068841590089999
0.0147134148309999
0.020026671023
0.0127160449809999
0.015896975093
0.076581245766
0.042227175964
0.233433702724
0.115154531429
0.0067095609389999
0.0051647605519999
0.043671897931
0.28904796922
0.0217711242979999
0.0430398853919999
0.0541986916929999
0.014319407336
0.0085613374149999
0.0096464497649999
0.009238377428
0.0185395341959999
0.1484177129749999
0.011452981025
0.026967515489
0.0180304162159999
0.016070796815
0.016976532373
0.01471189614
0.047738668885
0.0093649561349999
0.008500030044
0.1122372144619999
0.284756042549
0.0072042769469999
0.012317873822
0.032191824996
0.051266028301
0.212649850336
0.0109789116089999
0.0313205505829999
0.007014903353
0.0259418225509999
0.014113090096
0.2455748606859999
0.0546343065719999
0.011108489694
0.027911667899
0.0554300154019999
0.0116942838629999
0.018387851986
0.0173048064309999
0.046350733131
0.04461801184
0.074878458393
0.201246757493
0.058662636622
0.027748849324
0.0357395163599999
0.0420377481749999
0.018178108676
0.021022328112
0.0523525266069999
0.0264992590839999
0.025494930993
0.008993282959
0.012570478455
0.086342761075
0.201923608239
0.151744129053
0.035630514588
0.031527348415
0.0275279052729999
0.038434722576
0.019411516206
0.0450353657609999
0.0107755379049999
0.0123308046469999
0.040811709907
0.047921724474
0.0386190618409999
0.0594805223369999
0.061572613539
0.271411822608
0.107742097287
0.0220485526949999
0.061263582403
0.0896462124019999
0.128152216774
0.0172851236119999
0.0242926663229999
0.114459130468
0.076255775622
0.0179938021729999
0.0923998057999999
0.032121852991
0.019318789282
0.0048939146659999
0.0449008469799999
0.1442611350489999
0.237684263019
0.007570551698
0.010738532664
0.098740747486
0.0085727110359999
0.0535932557749999
0.009740688674
0.0154243094039999
0.017020588121
0.009773330481
0.046002142875
0.044502176107
0.007289805129
0.045409976619
0.011376899161
0.0116708036039999
0.0532342035339999
0.028851848454
0.02083008595
0.00570170011
0.002694647591
0.007060227967
0.010446662741
0.0387233190169999
0.029010637653
0.008194412302
0.034976622033
0.0292938302349999
0.0183866613619999
0.0049259706199999
0.028281959755
0.0043771969729999
0.0193015703779999
0.0073523054909999
0.0081093741769999
0.008252987998
0.009834238187
0.0225478031579999
0.0298444923749999
0.1152219156299999
0.2637503753519999
0.045458431867
0.1018040210849999
0.0529819549279999
0.087969461512
0.0160483735219999
0.023671514738
0.0208722827039999
0.004353723557
0.019061170498
0.011351479043
0.0113424194279999
0.03277278351
0.041937707058
0.0248451925779999
0.136689138935
0.1167066781579999
0.038114621399
0.0046768126559999
0.022396624399
0.02317920462
0.0200940775379999
0.020757404301
0.0277998840219999
0.012142393581
0.054912060016
0.0353040696359999
0.037125131503
0.094405501748
0.0119434119079999
0.110992622577
0.010939991434
0.0561320361449999
0.020763470279
0.0179075213749999
0.1828693393539999
0.0647622786429999
0.033916798336
0.0957063045899999
0.0414026099669999
0.0018241798929999
0.009022924298
0.025583778053
0.0018459806799999
0.0088382817819999
0.005756576938
0.0023015221729999
0.026117494483
0.008043996715
0.007329129838
0.0142602658939999
0.06595673564
0.1986475880679999
0.276731516164
0.077053573462
0.0483603257229999
0.0112878734639999
0.006261008328
0.0099082177839999
0.0569608766189999
0.0519840889239999
0.067553417403
0.0990748651759999
0.08010885403
0.053058324817
0.050663884972
0.0480534926179999
0.0210539221729999
0.0156092203069999
0.0270646883909999
0.0210425289119999
0.0179785366129999
0.069224309088
0.0432273540509999
0.0037319024099999
0.018303385166
0.1086198626119999
0.1473340036689999
0.0050215002979999
0.0154662361189999
0.049235632979
0.00667313778
0.027153018848
0.176837720825
0.0340300166039999
0.2047608865419999
0.012540595016
0.0109912035039999
0.0078918304939999
0.0184520434089999
0.0062383891289999
0.018036562066
0.0246621159819999
0.0213611100539999
0.012868313347
0.0334514654569999
0.2471897388749999
0.238741386032
0.0166128572879999
0.0372521424399999
0.004188810102
0.0298526572699999
0.1630836325279999
0.5643146671520001
0.0159396845679999
0.007739244593
0.0435581814
0.0153243330079999
0.0202511530129999
0.0290237640889999
0.028584210893
0.016183563195
0.0079427518989999
0.0112777625759999
0.0069448048669999
0.044354654297
0.009029003836
0.031219343875
0.024034010026
0.010260338813
0.0032430654699999
0.0083688582619999
0.0273385209459999
0.060436994267
0.0302866760629999
0.0147837035319999
0.0118980231519999
0.017763880595
0.145367304114
0.0850978544539999
0.092213967694
0.123871562919
0.0182354063459999
0.056282276979
0.032700803366
0.0610116890149999
0.026794392149
0.0420979027029999
0.0100451036619999
0.0209237993469999
0.0060907934449999
0.026438256297
0.025532434734
0.004634848928
0.0158652012059999
0.008643812816
0.014730031467
0.0443683096879999
0.027373344241
0.027674762279
0.006754549814
0.015214354939
0.020583491209
0.052183153088
0.031004708662
0.0327990155459999
0.1602311611919999
0.03240019218
0.035583513289
0.0195232278639999
0.0687139187759999
0.033957571269
0.0085662961889999
0.1194027889669999
0.134816504486
0.016483917298
0.099596677232
0.1368992100039999
0.0250000741689999
0.0129194153699999
0.014713071976
0.025010339589
0.0190464804819999
0.047319673856
0.0318305774839999
0.0361106701229999
0.016168247108
0.0471573611569999
0.112863588558
0.015690639672
0.014056938901
0.008840473974
0.024650455232
0.036947748371
0.02105307536
0.0064301824739999
0.0339265959129999
0.0232085117339999
0.025572318793
0.0420648416219999
0.031604422538
0.085665420707
0.0626098883079999
0.0125743934659999
0.010525764888
0.0121218533139999
0.0093036677169999
0.0291735453439999
0.0336000054839999
0.0221472117109999
0.008417970957
0.028177266583
0.0048097392949999
0.006899091856
0.645526207416
0.0115883728829999
0.033095374072
0.0178304599759999
0.007432053267
0.0093263434439999
0.043045573324
0.119890089737
0.0237135398409999
0.0125900827489999
0.037383557066
0.0383379906849999
0.005398783716
0.0579422649409999
0.035102920709
0.032035052832
0.046649201953
0.049246138596
0.0452401374709999
0.125999033076
0.243225730372
0.057302000508
0.014931148368
0.015896000907
0.0518450392799999
0.032466932533
0.050125003746
0.014599119058
0.059540335635
0.0626282728839999
0.054130064315
0.109347457397
0.081414971247
0.031363622048
0.1130721784189999
0.0264926064449999
0.006231015522
0.0233955973589999
0.072344789726
0.0138453258399999
0.0067928491619999
0.055381858176
0.080274925475
0.1082321932169999
0.0032445375849999
0.0127406816809999
0.028393993868
0.063013036986
0.0198498460079999
0.011206234068
0.0119247005429999
0.021361066767
0.0271576594229999
0.008673078368
0.0072163888499999
0.019970680076
0.0193417334159999
0.0200029465
0.106182854338
0.004880753696
0.026609792256
0.0246071363659999
0.024574310444
0.040330741847
0.019064530796
0.034250474157
0.011351277819
0.0077792172299999
0.0101270170499999
0.005680251503
0.0044205787329999
0.0090223366299999
0.0197333691879999
0.0282725677859999
0.0441548201189999
0.007798612133
0.056905875284
0.2353675682479999
0.511142514841
0.1669505518799999
0.054930835182
0.0126066814909999
0.014565349131
0.0952435549569999
0.038072646071
0.0688884528919999
0.019747602346
0.0295373523209999
0.014451407086
0.14892379987
0.059273997708
0.0672292430909999
0.033840812134
0.0194520669469999
0.033650848183
0.067417528003
0.0541885061389999
0.0173920832939999
0.030012328589
0.057174462265
0.046456373819
0.0402463650309999
0.016375837401
0.0105111986729999
0.0484267282529999
0.020335866221
0.1860358040659999
0.0203231818179999
0.032802230492
0.0043923606939999
0.031725633048
0.0178031051039999
0.0205572970599999
0.002255475597
0.04165512365
0.0304689777619999
0.0455134192589999
0.03124030439
0.092065251952
0.0243625756699999
0.015680291084
0.024842031739
0.0086300914889999
0.0091447989949999
0.0043863641
0.03038175857
0.01458960058
0.02400378022
0.023622379545
0.015814187834
0.014166798554
0.021900498709
0.00570699449
0.0134678272189999
0.008640915619
0.0068915476899999
0.022646898684
0.0271067789979999
0.0065344388339999
0.0158047253449999
0.007542651901
0.0302771444299999
0.0860419838039999
0.0336506947739999
0.0321301589179999
0.0180019972689999
0.006752035229
0.004280601919
0.007881154471
0.045151864935
0.0283836415629999
0.0113425490999999
0.013148329941
0.026022177109
0.138888980655
0.0618332873889999
0.060576565865
0.1195405097489999
0.0149151906169999
0.081376491028
0.184919985594
0.0244146866359999
0.009393920703
0.01140146179
0.0046951658299999
0.068966069963
0.0069613761619999
0.012832844126
0.022696153353
0.009593208744
0.0243545995799999
0.017610560683
0.012278991509
0.013521643377
0.016401236446
0.0580919166819999
0.129477777018
0.106035182434
0.0229422324889999
0.0565825093309999
0.0182690168169999
0.0219242231799999
0.012458024534
0.020600155451
0.071967247325
0.0343450701599999
0.004321098
0.0353939295849999
0.0069605458999999
0.0128115094459999
0.0164104986859999
0.007972431224
0.012476827875
0.088680310545
0.0379585135029999
0.004918252418
0.013560346336
0.0313205906789999
0.081252024393
0.158186204202
0.1343088303439999
0.142653016672
0.144357385214
0.0718905130689999
0.091094103948
0.0154924644909999
0.1843626294939999
0.0381614854149999
0.019358698471
0.235186199714
0.393642732688
0.0960035375119999
0.0216045920249999
0.030024542212
0.006406124925
0.1411189976719999
0.2332943484199999
0.0201964979
0.0060633249199999
0.020880813706
0.1503420226749999
0.0554975575549999
0.294360576181
0.06746478978
0.2318348453509999
0.014900299139
0.002782591485
0.0303990000899999
0.099550743401
0.0308309001759999
0.011122477181
0.0404883596109999
0.041223223732
0.0305565142529999
0.042295756857
0.0116731963439999
0.0890258647349999
0.0865755487399999
0.0488151596589999
0.3529491705609999
0.0366447693529999
0.10673172472
0.042794395403
0.082264535509
0.169473044839
0.0464326892549999
0.0381939668059999
0.0237134374499999
0.033167149845
0.0090776071939999
0.0223573071839999
0.0651008533539999
0.0260741833159999
0.055953355892
0.014921290008
0.005997890628
0.0119687801369999
0.029765464496
0.029243839343
0.0142948853659999
0.138675586715
0.00421251138
0.014748419382
0.1237839020509999
0.0151785752759999
0.0177763564149999
0.0098119959639999
0.012694204435
0.00682442767
0.069238593296
0.0114765331959999
0.0634580164189999
0.009707636467
0.046045327439
0.0308704774479999
0.109712754035
0.0498716450409999
0.0021134596999999
0.051781687018
0.007272917741
0.084117754489
0.1328115665489999
0.026182660111
0.0045990750559999
0.0376101625779999
0.043935053838
0.0328476058969999
0.0161813221779999
0.0248724538019999
0.0833514252989999
0.313047549444
0.2564377674229999
0.012431464795
0.021229908888
0.0259651833549999
0.0358929320569999
0.0354945331089999
0.014636775372
0.036941762627
0.1025140063739999
0.2476129610249999
0.019179202541
0.157222678125
0.369259434047
0.267087766929
0.0439801661519999
0.0104425017699999
0.0502905562919999
0.0400510471699999
0.010497100086
0.0477740834919999
0.042578947825
0.048851881097
0.0430172009
0.0065986226619999
0.0115912030789999
0.030045631637
0.0324123453289999
0.0111813829129999
0.0126487964039999
0.050692799211
0.04023131271
0.0128933486179999
0.0082736658309999
0.016753415187
0.0322133734039999
0.027585939347
0.038054351089
0.079483609919
0.005777513904
0.003630397962
0.0224922092829999
0.016755643179
0.107628288578
0.040515368375
0.0511639390379999
0.0410379469799999
0.147491134752
0.160710405369
0.010056832224
0.014967371445
0.028366574936
0.017129620734
0.0080865410739999
0.0082301362869999
0.48270241813
0.019071862124
0.061033046235
0.0375540899559999
0.173226653199
0.0181747223079999
0.010180575039
0.0639990954039999
0.0241341495669999
0.024133617705
0.023882121369
0.020579010449
0.0064526724169999
0.069936862607
0.0849971905759999
0.056539903762
0.041046005691
0.0104885974539999
0.0072943767719999
0.0083336230349999
0.0919450317279999
0.0254543863509999
0.100192409282
0.0657605492389999
0.041562487812
0.426956507999
0.0356834895109999
0.077520295527
0.0207584758419999
0.02846128642
0.0487753455299999
0.008403213176
0.033171866501
0.0484134828079999
0.093831245724
0.04504831207
0.0247708240499999
0.092954904434
0.0878132836689999
0.063123770266
0.2146934826519999
0.0112845861129999
0.0694072518739999
0.0451959361379999
0.0206757296359999
0.0127622507739999
0.026166017429
0.009789556926
0.1005867336939999
0.0852451681179999
0.0744663365819999
0.053841507832
0.023960578735
0.070622295946
0.1382740768279999
0.063240342457
0.103319132812
0.0731969205439999
0.009975251935
0.0045033802599999
0.018308015276
0.0049686681099999
0.012032648669
0.0059008895559999
0.005328069121
0.169149882697
0.125294157011
0.010454520912
0.0163540387549999
0.0530278725239999
0.0210378791609999
0.0030604065999999
0.008835047632
0.035718324098
0.0312037390389999
0.033120388379
0.037970960786
0.0735231559229999
0.0872078614179999
0.086719394327
0.1054226440559999
0.035327037068
0.0473981045579999
0.2712090789679999
0.2166110211549999
0.0842421189959999
0.169588465623
0.040086506078
0.0173914078379999
0.017416481719
0.01320044723
0.0246133184779999
0.12447927024
0.037459816773
0.048803801006
0.0059315324959999
0.0082640053789999
0.003369626672
0.0050001587269999
0.007510323792
0.0429645113869999
0.0082011801589999
0.118201955912
0.021238990198
0.009688736077
0.007743699052
0.077934755015
0.082018172512
0.0241278058739999
0.008835792774
0.019484850335
0.0334879619119999
0.0104103631099999
0.035362954236
0.064673863878
0.020701933019
0.024111348111
0.007190838208
0.0302048215719999
0.0316464484309999
0.0887769088509999
0.048018200125
0.105653947358
0.0445412945759999
0.072712230743
0.043954490177
0.005624289231
0.019348782008
0.0108572500279999
0.0253352826649999
0.00575998825
0.0119341772109999
0.035885223233
0.02304158176
0.0205954691419999
0.070652902082
0.0266501842599999
0.063893691243
0.0677910454819999
0.0233237774
0.0840600925019999
0.123146915796
0.0077768771849999
0.1031515522949999
0.358441386751
0.0133788976219999
0.203689145402
0.034929473266
0.02946252524
0.023350024098
0.092907202069
0.045713658522
0.07443283527
0.06246053223
0.063612721608
0.1250721969489999
0.0407154388199999
0.618473794854
0.400425488636
0.118506599181
0.2827298117
0.038996162029
0.034312698492
0.006077935444
0.030358038944
0.063593622886
0.0120285870009999
0.0031178679829999
0.014120918819
0.27808081564
0.0696170778
0.010709817367
0.0035484111069999
0.0034185921939999
0.0146713210419999
0.010461152896
0.012430797181
0.014769010891
0.0100792752859999
0.034230478597
0.1047206572779999
0.007573098618
0.0108378361759999
0.365716020012
0.238653081654
0.071733068065
0.0149777176199999
0.0140697733179999
0.038721785541
0.0169255622609999
0.0268975563619999
0.0137233199109999
0.018288513662
0.0805607039329999
0.103253198746
0.016266729195
0.0027653236089999
0.019410412965
0.007416516905
0.005558113639
0.312789598801
0.1053652339439999
0.051729769217
0.007320039756
0.0443305169169999
0.0039739074589999
0.0851691914829999
0.040920937896
0.0058057603469999
0.006314628392
0.015313118897
0.111665525291
0.010116934561
0.008476374832
0.027105075045
0.0313509395269999
0.042205704723
0.038068537847
0.0053478491149999
0.0068899741719999
0.035759676659
0.111704348569
0.1393286253729999
0.074258969839
0.057732042968
0.011154803608
0.122511077418
0.037132395079
0.0167997826119999
0.008456524951
0.011015520574
0.090375060599
0.049590531856
0.034100258784
0.0118412834459999
0.041125264281
0.030976645104
0.1340323285619999
0.0304344761629999
0.0088966717359999
0.012713582994
0.0143974210049999
0.006539158888
0.009721104336
0.025644259015
0.0298579120369999
0.025501875512
0.1408364224
0.440224887032
0.0492010038879999
0.058151565332
0.017591990015
0.011167280973
0.007801624658
0.014288189353
0.1922517130969999
0.0063446208249999
0.0224919625659999
0.005929963478
0.0306138414409999
0.0315050316289999
0.04132638982
0.043454513596
0.0294257641659999
0.2241580752499999
0.0343100992549999
0.0383929361999999
0.0271194412399999
0.006414256977
0.0056697389659999
0.0048621406459999
0.0120492284
0.010132867799
0.02843675301
0.017609045999
0.023782079008
0.010732061537
0.0088359314229999
0.0290110416469999
0.0100060601479999
0.011068746152
0.004539938118
0.0784760486519999
0.074840339816
0.0169124875339999
0.0543259665649999
0.023446699107
0.014215273547
0.0084627112099999
0.0111123268049999
0.007396151651
0.007529600111
0.002526211593
0.036090262712
0.081031145569
0.0557681052009999
0.113620287629
0.203161331771
0.021604192565
0.0126541216059999
0.015361238
0.0463667723289999
0.1013423325469999
0.086402853941
0.034232329237
0.0205610095589999
0.003285891625
0.012615796488
0.006710673854
0.026615406592
0.0168826696099999
0.034501635436
0.014987029176
0.010143737483
0.0060301902739999
0.0093395857079999
0.0106137137299999
0.0072010117869999
0.0107049889589999
0.005885711145
0.02417546945
0.056739427432
0.0054294713889999
0.013068651124
0.048548464286
0.0106685634159999
0.0219415426329999
0.018242123266
0.0329163229769999
0.028973482206
0.03670547712
0.0069810485439999
0.0101256859699999
0.016572354893
0.0879838601139999
0.309685201744
0.0268510496289999
0.0919888976489999
0.010643641177
0.112464294962
0.177226447402
0.009493651767
0.002043417782
0.0116998566079999
0.010804149845
0.016960667937
0.0196470267599999
0.002087360801
0.009835221972
0.005284224096
0.04988297576
0.311887289309
0.216548274936
0.0631244431899999
0.10126226238
0.0305605363209999
0.017028558964
0.015258279354
0.0910409771929999
0.0035153912209999
0.0530893035589999
0.012521004852
0.0092095297259999
0.0138339988479999
0.0461483808729999
0.122298304202
0.051295709862
0.118942086711
0.224587581369
0.0088601802519999
0.042952691737
0.068219826032
0.053379212103
0.0813055502589999
0.0684318905749999
0.0115760994929999
0.007504728979
0.012733432165
0.0095596916619999
0.017259323997
0.0064814701969999
0.0114237741349999
0.0063477337999999
0.011705914089
0.0230769139619999
0.157212373205
0.0152188460869999
0.0301096975289999
0.0204174316509999
0.008377908517
0.1742508020159999
0.0142041232309999
0.046750194437
0.0553305695019999
0.0474379546419999
0.01497028694
0.0434131321499999
0.016482420235
0.032085910322
0.0199931661169999
0.005245637251
0.0134360312329999
0.1206202179569999
0.04931606199
0.047383493331
0.022896565662
0.0192088060709999
0.015272831996
0.0096200248969999
0.017580071247
0.0762309395989999
0.0252830504909999
0.005359948001
0.0292485456209999
0.0531662920659999
0.088883223208
0.180437898574
0.12292690775
0.019407177372
0.101373905022
0.14097888489
0.130600078483
0.0507847792369999
0.0251428465449999
0.090204469691
0.115933320451
0.0614127665289999
0.146864656951
0.020804579369
0.0164076731569999
0.127735645563
0.0149305159279999
0.01364349184
0.2038964018819999
0.263546507708
0.1934603398519999
0.300279465907
0.005148486262
0.009701333018
0.195263023077
0.025109216718
0.015700438274
0.1311826991279999
0.013824861385
0.022232531466
0.16586546404
0.0188328038449999
0.122481868492
0.1072736102529999
0.012429823428
0.012433804116
0.016377849022
0.0354611444239999
0.0515949331289999
0.0792855921039999
0.032065107626
0.0678443119389999
0.0038330503769999
0.0620131533559999
0.3795221710909999
0.457290534314
0.059905996325
0.0049316544799999
0.0141891889909999
0.213950220694
0.0286555820749999
0.024058840913
0.110372040932
0.0314915183149999
0.0221628322629999
0.0128714115029999
0.0944077646759999
0.0063446780839999
0.0077717476649999
0.039260039445
0.010908588222
0.1222559915959999
0.028241203878
0.008292027594
0.0260795982989999
0.0050902559819999
0.0490682478089999
0.0044340440879999
0.004320215412
0.0130922169039999
0.0770459779909999
0.0350304903339999
0.006740702957
0.0123541196959999
0.019041489086
0.016561995742
0.0193295454559999
0.0027406877669999
0.0340323038159999
0.00238737968
0.021048500834
0.0863280986059999
0.075260317185
0.008225923091
0.0140154258069999
0.0093158032369999
0.0553555552629999
0.13346312483
0.020611828483
0.028841652409
0.0202898215119999
0.024515014184
0.0670595551029999
0.204772118503
0.023949662759
0.0572509163659999
0.016182369096
0.055320828824
0.0221008229139999
0.0072664939219999
0.0117722304599999
0.064512637842
0.0097359167999999
0.0119956119959999
0.0029841153959999
0.1021934985479999
0.0895651284849999
0.0715446963329999
0.170922518627
0.1056457740089999
0.0596704647129999
0.059176129015
0.0041460645319999
0.0812554277429999
0.0511369177899999
0.0102794420709999
0.041162491106
0.046556314628
0.0233772123459999
0.0097325464469999
0.0078716118239999
0.074522713657
0.0061177376609999
0.013721757124
0.0049200297029999
0.0130761033609999
0.016928440378
0.022753082873
0.0305297269109999
0.0890487965249999
0.081114975499
0.029143054723
0.004034846176
0.00595716796
0.036982579697
0.079888501887
0.0503034125039999
0.0166935782899999
0.0167586586379999
0.006544155974
0.0174205516109999
0.0086730399209999
0.0232541706219999
0.033465686681
0.013056612063
0.160735919901
0.370233569653
0.05026479909
0.018704904864
0.007779516281
0.049992743023
0.008425751087
0.0039884759349999
0.0066647518379999
0.046411791155
0.009043730265
0.0134919426039999
0.0233389271639999
0.0140757138729999
0.2002197635979999
0.0261299001129999
0.012669188719
0.0022153685529999
0.077066030461
0.0166334716039999
0.0173601272969999
0.156270499723
0.0164529892929999
0.0106733691649999
0.007298561712
0.04519141486
0.038199813258
0.003052070163
0.0242442094749999
0.421215443732
0.137722637494
0.271963777972
0.0204583297579999
0.0381460428109999
0.0047673617969999
0.03516215293
0.031841073483
0.122937850912
0.0516489009439999
0.0585775991779999
0.0103697937969999
0.01441200045
0.06212571538
0.0239589727729999
0.0072927555139999
0.020027364473
0.079899542348
0.03517473634
0.0694242876699999
0.0452423638479999
0.0074508130249999
0.0275631699989999
0.0725710926379999
0.0322780425209999
0.0204690617239999
0.0197098177729999
0.042272919533
0.0085676779509999
0.01764158483
0.016484031919
0.005825778428
0.008572036231
0.0241609406289999
0.0203333853129999
0.0235608509839999
0.013219137942
0.042577614714
0.02881373338
0.048171869883
0.043982447063
0.014806222281
0.0207055978339999
0.009072964466
0.037747662086
0.04827335814
0.0969663609319999
0.0148155632369999
0.018722859808
0.0619891734569999
0.03452766212
0.0367656058269999
0.0300186435579999
0.0206589030129999
0.0326175546629999
0.0063180085339999
0.0061675157139999
0.0176673542709999
0.0131702594729999
0.020971166006
0.020599659689
0.024759905019
0.028148708582
0.005913874665
0.010222888117
0.0473207913569999
0.0215895627259999
0.053698257951
0.052313482835
0.0160685799469999
0.030446654627
0.0877425965189999
0.08584091498
0.0110805267619999
0.0296488301949999
0.042544998324
0.0638706511019999
0.333763230044
0.0077082354869999
0.039984438294
0.0695350785299999
0.0036030037219999
0.029951158066
0.0090934036259999
0.0300930914679999
0.017188928925
0.015572314292
0.011377777107
0.0030174135289999
0.0083209045209999
0.0102777863649999
0.212453999945
0.047349331664
0.1029895120539999
0.0323059857699999
0.0253040645459999
0.097086619577
0.189955693494
0.0552701667489999
0.0441900572379999
0.030513231898
0.0151506933599999
0.023593464539
0.0158524330739999
0.04293985266
0.027184002748
0.051955858853
0.0157205216489999
0.0217296250459999
0.016292252043
0.069267126023
0.0149096892
0.1518646181999999
0.0087841334289999
0.0024773543249999
0.004361329503
0.030179417652
0.033961565873
0.012658257015
0.1762316540389999
0.1618532096129999
0.053658096657
0.018256566302
0.0171355317029999
0.0125387220039999
0.19651510765
0.1516823596109999
0.0074969472079999
0.0151675751259999
0.00401730563
0.0369568724819999
0.056074680318
0.0960957040719999
0.046812703284
0.1563323875769999
0.0109217545269999
0.011339505095
0.0506466396839999
0.0174216409259999
0.020129084176
0.0118980510639999
0.0522706922529999
0.035970988722
0.021379793789
0.0956307166359999
0.0127240806559999
0.011812804397
0.048398046098
0.0560044476719999
0.127993101825
0.019522204614
0.146444271355
0.434885842553
0.073203606295
0.0733517438749999
0.071735383177
0.026203317892
0.111749536888
0.009671098862
0.0099840530739999
0.0188827134419999
0.0240155408769999
0.028965193064
0.0205228207209999
0.009530107095
0.0161259635999999
0.003184947317
0.013851572253
0.052281786893
0.066392714969
0.0313350649779999
0.06649592099
0.0303726901769999
0.0198736795609999
0.0056374252969999
0.01190653979
0.005403523869
0.0620986710319999
0.2195684349619999
0.031719301896
0.011498496304
0.011534947967
0.0244086850189999
0.502525409455
0.285484804149
0.196641776158
0.070810923376
0.0648589183029999
0.030479599253
0.007645792663
0.009838749883
0.009077002213
0.051680316316
0.03486364843
0.2079094845879999
0.366841613178
0.0181405671919999
0.0082928772389999
0.022898895403
0.021499365228
0.0270038172469999
0.0094371455999999
0.2015599099739999
0.26992030308
0.337849054166
0.021453326494
0.002014191691
0.020220038769
0.061729730935
0.004365543031
0.002796196071
0.135362059649
0.0071611861279999
0.05077840137
0.005041769113
0.012361527659
0.0126110268479999
0.044137932623
0.025137848097
0.006172840083
0.0286371995319999
0.015925654161
0.0050456024839999
0.0178810708309999
0.015382172516
0.0099026290539999
0.006027309925
0.012092174071
0.305050580032
0.3394420965169999
0.108284199454
0.0593092112499999
0.10506665093
0.0395122293359999
0.004331320155
0.0113621486399999
0.013157117124
0.019606310327
0.012635985774
0.022097400341
0.0095119891129999
0.012677439393
0.0197454911419999
0.014830476017
0.0396280702639999
0.0085307269059999
0.0334949255309999
0.0523392759509999
0.0311314881709999
0.020749780658
0.0292175443259999
0.066664204831
0.0610992046749999
0.033384950162
0.151933203922
0.011837857342
0.1124998446889999
0.0286519122899999
0.0272143322469999
0.362453832993
0.445057104369
0.060857994742
0.04949307511
0.014065965224
0.1139170185029999
0.063997552452
0.0570838359059999
0.0451212124609999
0.0621576207649999
0.0406203465169999
0.010484350327
0.0059665387349999
0.096861630127
0.003055482478
0.0744692569799999
0.016986439018
0.0052384595
0.023912353407
0.0362943259579999
0.1494838072709999
0.0036857276299999
0.0088194455619999
0.0121068860849999
0.058421448662
0.056476527183
0.021728893658
0.037590977882
0.013353820985
0.0628497320619999
0.018238159753
0.0167367740499999
0.054801685658
0.0056024744899999
0.0322948497849999
0.022651472434
0.1292258706429999
0.0063941071199999
0.0117798263449999
0.0107916567689999
0.068995201671
0.0057176114079999
0.003228687757
0.022404695094
0.034135119474
0.020306020016
0.019908993368
0.024373397434
0.053709640461
0.124357519663
0.0423165720789999
0.007982766764
0.006146905597
0.008292167035
0.015207019004
0.038415434282
0.003488303536
0.0336921313839999
0.1477990424999999
0.010423630065
0.037180749557
0.01770168365
0.008180498455
0.054274650755
0.015648993992
0.0087990117009999
0.094838687289
0.0952109633309999
0.0584026560579999
0.051017677408
0.114893246438
0.0147454438799999
0.0208860856539999
0.048733678954
0.0114552954329999
0.098461230504
0.0251488747279999
0.116729579843
0.079438754978
0.0419061612469999
0.023352083742
0.04272137974
0.023805498109
0.071989520221
0.0704641603269999
0.1248590534019999
0.023321710964
0.0327392211639999
0.0379235705339999
0.0112976011309999
0.0111240541029999
0.0166739606639999
0.101565295532
0.0173200168149999
0.047798209752
0.0303443221179999
0.0096000773069999
0.0290096900259999
0.0105437343609999
0.0134406613059999
0.015849094927
0.1114163176289999
0.2247253106829999
0.0163060085289999
0.019443514917
0.0246661856359999
0.0083532861109999
0.0318322659059999
0.0342021262939999
0.013044598977
0.008206025626
0.014851153916
0.014256176418
0.0053128904679999
0.0045392186889999
0.021068952327
0.0497985391349999
0.0228464408959999
0.0174666629499999
0.015415670621
0.1613297988359999
0.0699732955899999
0.2470019069819999
0.394470208725
0.0255907254549999
0.0187228673099999
0.018035160628
0.0112135289179999
0.020822348964
0.0080195647499999
0.00562377957
0.366171955374
0.0305072722329999
0.0212516056599999
0.0054310892079999
0.013418579138
0.018285780441
0.0074778284209999
0.0331756671039999
0.021468209134
0.088349430187
0.002159748373
0.00440833467
0.0069245126229999
0.012899001543
0.053011476505
0.0187779587149999
0.0065798388869999
0.0210624983749999
0.020021432603
0.037072540266
0.0083383611739999
0.109935039822
0.023950008141
0.007297437088
0.020435612936
0.049614434785
0.013382556378
0.007226770512
0.0349297541299999
0.0063275294619999
0.0084386442249999
0.192592174583
0.135916963648
0.088706450996
0.1334312304229999
0.052017285226
0.11117432402
0.0451025618999999
0.0567658272859999
0.396515358386
0.463006401231
0.0544287981909999
0.0513449418639999
0.1591102538409999
0.025524717763
0.017314308897
0.0307105651929999
0.025581696699
0.0545686422919999
0.0372093142349999
0.023649192207
0.0590333166359999
0.045255064962
0.033979861765
0.119266079148
0.0141584722359999
0.015389192244
0.0124318840639999
0.016502465028
0.011702251796
0.007455360682
0.049717948264
0.051913796902
0.0345959752019999
0.0287873724239999
0.0078979159319999
0.018543990534
0.074345228506
0.0934851622989999
0.057686178414
0.1494179735599999
0.55332699972
0.0204124529089999
0.0048327128359999
0.002776468606
0.0163329809869999
0.0190142253859999
0.0065415746429999
0.076584758028
0.398556727376
0.0225526265919999
0.052399691198
0.139527099238
0.0619844528859999
0.047829971605
0.0333495910559999
0.0086358783579999
0.023706434191
0.0207487487719999
0.028204804125
0.0107718354
0.1011156160609999
0.0068143312909999
0.0136712096909999
0.012538468571
0.0182300754409999
0.022493374936
0.037650664859
0.0266353896469999
0.0248050146689999
0.042394345558
0.072325656485
0.060598484772
0.0173004982309999
0.007772086505
0.0079740805869999
0.032756457434
0.117716043283
0.061609564437
0.013969704926
0.005454982704
0.0046813408829999
0.006115520282
0.018533817432
0.016769305073
0.0311192750969999
0.0122761321459999
0.0246767498819999
0.00862273536
0.005542233259
0.007955007493
0.010937268438
0.012345438228
0.0500581963849999
0.188156237816
0.032888993336
0.0046503730179999
0.0050642666479999
0.0147794981429999
0.0914574861779999
0.309414171512
0.4681513591039999
0.576178795989
0.296814759429
0.104166206642
0.2383192297449999
0.0260671472179999
0.063215899165
0.020829635416
0.0176374603819999
0.0062377952409999
0.017353381302
0.071278669392
0.0322469931619999
0.021301392954
0.025830092524
0.006104776336
0.027859736626
0.046617337859
0.067453107764
0.0125632110069999
0.0062949200059999
0.0258446206439999
0.096269523627
0.0643299582309999
0.021820884779
0.036020634304
0.011777619704
0.0210144968219999
0.086901292675
0.1519434983809999
0.022905201955
0.069631889709
0.06066216929
0.0658330118729999
0.055364573445
0.016944037592
0.0072488838609999
0.0091663564139999
0.011798737576
0.0370377451779999
0.026305452527
0.1424157495219999
0.011596309353
0.0059404328169999
0.0088289572259999
0.0409603052579999
0.0645226393869999
0.034755157777
0.009406485991
0.0061308625679999
0.003978469303
0.025480171085
0.008223989822
0.015237185537
0.030876238558
0.039991597898
0.0581109845589999
0.020984508253
0.017936431655
0.1312039191849999
0.0113686555109999
0.027475717705
0.0290383749449999
0.0252430719499999
0.011435134259
0.0188874785279999
0.0105368990469999
0.036967351452
0.02374984966
0.0119986561839999
0.006091036502
0.0696286348479999
0.01438284698
0.0067642890019999
0.152625211744
0.042635472056
0.013647375617
0.0076736844229999
0.029507500858
0.022484820779
0.007454710258
0.0072831240299999
0.2163621735259999
0.0659168282669999
0.076685881894
0.010533501713
0.014334528174
0.0753526649519999
0.2556549648899999
0.082545734399
0.0638130569499999
0.015897924421
0.0122685544549999
0.0020967985959999
0.0043548128499999
0.014250775017
0.011585524722
0.0092130319919999
0.0080522246069999
0.006876360059
0.394041138579
0.1663847771459999
0.027115519982
0.0163265029229999
0.025132732168
0.0170134438569999
0.0061490565609999
0.006115282671
0.0557850955369999
0.093391842901
0.011035885529
0.015994290354
0.038943313435
0.0156313596649999
0.0053571995029999
0.002952546964
0.007116807097
0.009486092699
0.0139025329059999
0.004733992397
0.03955693082
0.023095952903
0.004260474781
0.008247300529
0.007861206836
0.019103007115
0.026832746479
0.010320818593
0.0153123129809999
0.11235914667
0.4374482154719999
0.0360507481859999
0.0177092197679999
0.0162830045039999
0.0284617996489999
0.012396584872
0.033266624813
0.0111677953009999
0.0161791726809999
0.072197578519
0.0258096086989999
0.0476115461899999
0.146116474774
0.0460756991859999
0.0172625175759999
0.0948503420649999
0.299155662134
0.02881254327
0.068845019759
0.112942119478
0.0085788579069999
0.059766722661
0.0149561591639999
0.010968666703
0.0248904976849999
0.0350750929759999
0.0103958350639999
0.0271291824079999
0.021805025767
0.0185589076879999
0.1912854760669999
0.0277043594439999
0.066055180637
0.203453821077
0.185280486847
0.22982221121
0.131910997019
0.0145872804959999
0.0837989425749999
0.1434702648529999
0.03975200041
0.132036236291
0.0786584672079999
0.093456758711
0.1503585193269999
0.2869461295959999
0.156531127946
0.204379598635
0.0563370968859999
0.020487685524
0.0099834233579999
0.0209147564949999
0.0320034967279999
0.047066381056
0.05240939952
0.054967144988
0.0266703802469999
0.012265769841
0.018064149094
0.125738578732
0.018551874406
0.0112928351469999
0.0820129183829999
0.0054640159319999
0.0090104563559999
0.0108175421459999
0.014225495729
0.0210470682769999
0.1173362677089999
0.151236126391
0.0532195509089999
0.0205133263879999
0.015685737029
0.067912217755
0.061579568545
0.029930370776
0.0287022702539999
0.0140959353709999
0.006619170065
0.025690996436
0.024439561665
0.045135458033
0.060203923279
0.126701038711
0.1011288280909999
0.0305278660429999
0.006030997641
0.0276927221139999
0.021217417793
0.056037579037
0.0036791846749999
0.0042307855459999
0.0112426255659999
0.049690409666
0.0666667103739999
0.0870722210769999
0.022100552132
0.083061327808
0.0080240038409999
0.01946166947
0.020786879264
0.0067330340969999
0.009328402283
0.076637869638
0.0355948429419999
0.044352178507
0.013776019888
0.040922340759
0.265626396954
0.0744236846779999
0.0270761726479999
0.010645268019
0.0060767464919999
0.0141865820559999
0.015493014512
0.0516861560629999
0.0083474750049999
0.2329023544599999
0.286018969934
0.123010341232
0.0164888634859999
0.004970909328
0.0060104141829999
0.0079947565919999
0.005204241478
0.03143035133
0.074229709327
0.009551548361
0.012579359826
0.1008712062769999
0.035009528914
0.028149552889
0.027469859293
0.0246238139059999
0.01866468549
0.045580819801
0.0932123166139999
0.055077747029
0.071721193857
0.14480687635
0.0049040684269999
0.023328770887
0.052011827629
0.018419168455
0.048260147547
0.023209343208
0.0172825640699999
0.081504706843
0.141976516909
0.0633242448869999
0.032983381098
0.010159012533
0.041365763036
0.0154002155289999
0.011012394701
0.012147116304
0.004335873227
0.0089027047349999
0.016831236362
0.030599442148
0.0072406644089999
0.0051058993789999
0.027821851245
0.0138655666679999
0.006044746097
0.0139242003299999
0.0718371783889999
0.0148759028249999
0.0056979643079999
0.004903901563
0.006907590539
0.000834219447
0.0017904423739999
0.000436623892
0.001726603468
0.007179246393
0.0182022504429999
0.022845353351
0.045894560682
0.378797006056
0.0480411684289999
0.0067107402099999
0.063108737967
0.001566922676
0.1186912099039999
0.089886356904
0.010197775754
0.071548040473
0.0099995058909999
0.0276270618559999
0.1954005637479999
0.1600141076279999
0.182594267212
0.133208434632
0.0039858971549999
0.0075314120859999
0.008404675413
0.012814513763
0.475589935161
0.3860867614909999
0.0715127196879999
0.0154318393669999
0.013103224453
0.029227233609
0.015325065023
0.0163852949639999
0.012428316216
0.0023427861289999
0.006751313546
0.005841794048
0.0047344520809999
0.0084686312899999
0.00961333835
0.005116252791
0.008757059979
0.010356533394
0.004141327668
0.003901987153
0.057103466643
0.1123683719479999
0.053040591508
0.1475196234279999
0.224775694235
0.026853724368
0.009454782188
0.0045203098639999
0.0029990983919999
0.014304726631
0.006759768887
0.093661257303
0.0112758292169999
0.0216282629599999
0.0146395039529999
0.021145715262
0.138167353418
0.0142056804829999
0.019873565658
0.052334427462
0.063761715765
0.000727766611
0.013927450197
0.017667626233
0.059603569665
0.128626518316
0.0812466153149999
0.030738547064
0.007714970812
0.121001243072
0.038204424139
0.0091841632829999
0.0035371153059999
0.009174585121
0.017184786914
0.0333908855869999
0.0394411749249999
0.0039613724929999
0.055971887506
0.0533317656809999
0.008066103411
0.0841223954059999
0.004336756965
0.0074992056589999
0.0942329238279999
0.0157151893139999
0.0504038154479999
0.036541181468
0.018755481251
0.246820045816
0.005311189011
0.017643923186
0.0119156754139999
0.017484219239
0.0714466872319999
0.0033524324779999
0.021360539375
0.0130884482749999
0.0039355880079999
0.0083597389039999
0.002937971297
0.0007101266529999
0.00690193532
0.0176649495409999
0.0017643833999999
0.005708134065
0.004381096994
0.014872829455
0.0449500850549999
0.034868600232
0.01456141276
0.023019822023
0.0094478531889999
0.0048266775099999
0.035448513184
0.0215524704289999
0.008515961834
0.004390919531
0.0212049602239999
0.0278999438289999
0.02977632894
0.043682389591
0.022862888225
0.042580826341
0.061267250986
0.0270997054599999
0.0085438979759999
0.010928590521
0.032279431726
0.041634433938
0.0589161779629999
0.007593545098
0.0641349648219999
0.164140746423
0.0746593980969999
0.0653681878299999
0.076930896633
0.04453956269
0.002983940055
0.0309251681009999
0.027076678231
